3dfa4615-8530-4610-a56e-47736e077c8c	20	23	5	18	24	21
4c0ff8b2-a246-4565-9002-759e1a3c1923	6	13	13	16	13	6
fa593e93-8115-4590-86a2-06f01e1e3155	18	24	5	18	24	24
60197350-3933-4860-a796-b323945763e5	14	23	9	12	9	6
53cfd6d9-45c4-4557-91e0-e054a5778072	18	24	10	19	14	4
770b9221-3fc3-4dd5-bdaa-0f57c49a92b5	21	24	5	23	18	3
26ff750e-5ad8-4ac9-bdc5-8ba366ae768a	21	24	5	17	21	19
1c010cc0-0ef3-4c89-87e5-10895cae01ff	18	23	10	9	6	5
fb826610-db49-49ee-848c-215e0dae86e6	18	24	10	22	19	4
348d543e-79ae-42c5-85e7-42878d644ced	23	18	4	14	14	13
7c985847-c1c9-4647-8a1e-f8c2b28bcd88	14	23	8	10	6	9
e764302e-1eb9-4b67-bff9-f8569be65a50	21	17	5	18	24	21
6cd922f9-8741-43cd-a39c-80460cf23177	18	23	9	23	19	5
1e5a1988-3b2c-479c-8dce-1a48d73c4fd5	17	22	10	11	8	2
712c2ba4-1cdf-4a1e-8b6c-a27fe15e86ca	18	24	5	23	18	6
89f6011e-8e2d-4abc-a59c-0eac8cbdaf6f	20	23	5	6	5	23
78ca0615-1ceb-4e37-bb40-7dfaa4651d5b	18	24	12	10	9	4
dfe4f5e9-58a4-43b3-8845-c462140178a9	17	22	8	23	18	4
6c9486af-a6bb-4465-ab7b-4be9f16b521c	18	23	9	17	15	3
386ec2fc-261b-4ea0-aada-b52557d649aa	23	18	5	16	21	16
e859bff7-c86e-4928-82bd-291e3b2d935e	6	19	12	5	6	3
4ba0cdc4-e91b-4b6b-affe-afe73966cbd1	21	9	4	7	7	19
45fd7c4a-e709-4a16-8993-731e78a83560	18	24	10	11	8	5
997905a2-eba0-44f0-8679-98c07723661e	18	24	6	5	6	9
46832540-7334-455d-a5f0-be8d46edf706	8	5	4	16	21	24
6de5d646-999b-4682-9457-61b97b31d4fd	10	20	8	23	14	5
f5de29de-abf6-4f0d-aa88-27c0e6984c34	13	22	9	21	15	6
9015ca30-84f7-4d74-bc68-a81ee611ecc6	22	13	5	20	19	24
e166b176-adf9-4bde-b15a-c680b3dae74c	19	7	4	17	21	23
e524c087-ad89-412a-987d-df2dde5bb591	19	21	3	16	21	17
c86045d7-c6c5-4e6c-99b6-89cf6c9da46a	21	24	5	14	15	18
d336b4e2-0317-45e8-a446-72d6dce24848	18	14	5	15	21	21
f15707a2-2423-4cdb-a4e5-611a348101dc	16	21	11	21	18	5
2a96f9f8-0b83-4742-bd2f-03a5f81c6b99	18	24	11	23	18	5
816815bb-fada-43e8-b5ae-98717c4f21ce	20	12	6	8	8	19
8017c1df-4bfd-476e-b9f4-94619888115b	18	24	5	17	15	2
2050374b-7cd0-4a3a-aa64-adcc81782bc8	21	18	5	17	23	24
f0165320-dcf0-4d06-88e3-568279406fca	18	23	8	12	21	9
f81e5fdf-b36a-4491-ba85-3858a1451059	21	16	5	18	24	23
83a207aa-b9a3-4598-8888-22a4cbf8f2f6	17	22	9	23	18	5
85035c48-c267-4880-8dfa-879304ce8284	20	16	5	18	24	21
c4df0758-3b6c-439d-95a7-44513626237f	18	24	8	12	9	5
31276365-a4a7-455d-b31d-36c8fcf587d6	13	16	13	23	18	5
86daf8aa-dcd5-4e8a-864b-cadb0ecae44d	18	24	6	21	24	5
16201111-621e-41bf-b5e3-8b875eae6db1	23	18	5	9	9	24
9d72dbf7-553f-4261-a2db-ef0a67757b99	21	16	5	17	22	23
d610279b-4218-40d4-9bdc-f54b6c2f189e	16	21	6	18	24	17
c7b551d2-7bed-4cba-ae7b-4819181e47e8	18	24	11	22	17	5
25d8032b-244f-4e16-88d4-1b1ce4c8b92b	18	24	7	11	8	4
2ef6abde-434a-4638-8aeb-f57df2cb85bc	18	24	5	23	20	5
47fa5fa4-fbb5-47aa-9dfd-6acae7f37408	18	24	6	20	23	5
e2601523-2025-4efd-93ad-73e487c52680	8	14	5	19	21	3
91c89c68-4bfa-4287-81f5-e6a8000d5369	18	23	7	20	23	5
d2e647cd-de60-4f5b-b27f-aa74d7cc164d	22	13	5	18	24	23
56e70b5c-34ca-4a9e-9060-7f8535305710	20	24	4	18	24	24
8778189e-bf68-482b-a7a4-5d5ca547b2de	23	16	5	17	22	24
d686ca4a-764a-4ce8-b34f-d7c711b1dddc	18	24	5	23	18	4
ec7f135d-e3b2-4412-8ce3-1341720b412b	20	22	5	17	18	21
620d3773-9a8f-41d2-99eb-915aef43f59e	18	24	4	23	18	5
6441e688-5452-4d59-85c3-73dcf6ce1537	18	23	6	18	20	5
c2b38a5d-21e1-4ed3-a16c-4a261bfab3ca	9	18	12	23	18	5
6a93c6bc-c666-4c6d-8e5b-d4783120bb75	18	24	10	12	9	5
dd54c766-04ac-4cb2-a983-f36948d3b4ca	7	10	7	23	18	7
3be545a3-612b-4ee0-810f-f654b855a0dc	12	24	3	14	11	3
3f9b9666-36a6-490c-a0d0-813d992a5ef8	16	24	4	18	24	20
ffc3710a-7314-4a0e-906c-cdce113d9fe6	22	13	5	16	20	15
7eb99694-5eb9-4c55-9241-0a05d71d0cdd	17	23	12	21	18	5
04f0807f-b57a-4ef9-a165-6708060cdaae	18	24	7	8	5	5
e181ceb9-0e43-4bad-9772-5fc3751c9df9	20	13	5	16	21	24
4a629964-d1b6-49eb-8e97-f110e7802d22	18	24	9	10	7	6
bc571882-833c-488d-bc2b-a18e0edd2ebd	23	17	5	14	15	17
1deb55ff-57e9-4d00-a015-f32a0fabd9e1	18	24	8	11	8	5
b8e5c767-ee95-4a84-8860-961174199751	22	13	5	18	24	21
0061c9f8-2126-4679-ab4e-e8f4a9bca1f2	23	18	4	17	23	16
7659e51d-db50-4a4d-b44e-58efaf5831d3	18	23	9	23	18	5
75a9e243-3bfd-4e14-9388-d347542e8e30	18	23	10	12	9	5
69ce334f-3177-4697-b74c-835bc516c0be	18	24	7	19	21	5
af23b843-76ac-4222-bf2a-917a83cfb558	17	23	10	20	23	4
2bfbe7d7-d0c8-4c6d-9df8-a2a1eaa99877	18	24	6	21	16	4
c7691e38-e2f9-451a-a6aa-07b08e43bdbd	19	21	3	4	10	3
82de9844-6356-4c55-b698-46917b2fad47	18	24	7	11	8	3
af9da618-8ac8-443a-9dc9-2e022d46e6a1	20	22	5	18	24	24
91d96472-ab48-409f-baf8-58530463b5b0	22	18	5	17	23	21
2cad8114-ac0e-43c5-b026-4ff9283237b7	18	24	8	21	18	6
d94d4e70-a1ca-4099-b380-466d1266be34	18	24	8	23	18	6
a83455ae-88d3-47e1-924b-d0f039522fb0	18	24	9	11	8	4
419d2180-6a9f-4634-9c76-0c9a35d569fc	18	24	8	22	17	5
9261b810-a8a2-4d2f-b3ba-bcc09797ee9c	22	13	5	16	22	21
e53cd095-978a-42fe-902f-629fb5774f3b	23	18	5	16	23	16
22645ee1-db61-4441-8d02-2e5befcea9c9	18	24	8	11	8	8
05fb0f1f-797a-4cf7-9931-ba93c49a8eda	17	22	5	9	6	8
8e6bea69-40e7-46a1-a326-a9cdd87cb6a0	18	24	13	21	24	5
5896d90c-a5be-4c95-a110-215fa4e2c6a8	5	5	4	16	22	5
416c8e73-9e1d-44ab-8e5b-96961b8b13c2	18	24	5	22	17	6
c60fcb49-c33a-448b-817c-41c5b447f0ab	9	21	6	17	23	7
76c87751-d8f3-4fdc-bc1a-8b0af3e77927	18	24	7	9	6	4
56d4089e-03b4-424b-b5a3-d3db0b9e12ac	18	24	9	18	24	18
df0832c7-f86d-4f05-8ec2-7a99722592b0	19	23	7	12	9	3
bf03220c-8f6c-4421-b94e-3f880ed63df5	18	24	7	21	16	5
09855517-f999-48e6-a60d-fe81998e75ce	21	13	4	14	15	24
f072fa53-9ae2-4ddd-8986-1021b53b2f85	16	20	6	18	24	23
a8c8a7ee-9fb8-478b-9159-ec05ee47bdf1	21	24	5	18	24	23
b4e197fd-7823-4068-8391-c69e37e3f38a	21	24	5	14	23	24
53697f06-7bcb-46c7-8e24-1ee5a46da6a3	18	24	9	23	18	5
d03940d8-1c02-40fb-b527-b0b1833e319e	18	24	11	12	9	7
458faa52-147f-409d-83c4-f82cf217933d	18	24	6	10	7	2
d5d4f434-ff76-47d2-9117-69f7d6874192	18	24	4	22	17	3
577e3edc-27f1-45c1-8ec2-4fda2fa427fc	19	21	9	18	24	15
2516c18c-76de-4997-bff9-ee37b654063c	23	18	5	20	18	21
11f33441-b5eb-43c8-85dc-b13f44653404	9	19	12	13	10	5
4773c347-ef0e-4ba6-8f5c-4b6ed0f9c378	19	17	5	9	6	5
b5e1aa0a-e91b-4273-950c-944a2f1b65ac	17	22	10	23	18	5
3b1f956c-98ea-4fa7-9795-d4dd6fac811c	21	24	5	5	5	2
f03ce32b-5fb1-4c03-8a79-00f49ad6d6f3	18	24	9	23	18	5
1043e06c-eac5-4c2e-93ce-0af60f2f3155	20	18	5	13	10	10
68c1cf62-7698-43d0-81ac-59d4548394f4	18	24	9	5	5	3
76cc8954-b650-4ec5-afdc-275795aed897	21	24	5	7	7	4
f8576300-283c-4f37-954e-25c9d97521cb	20	18	13	11	8	4
e6f16b9d-9e9a-4636-8749-f6a7162e571e	11	8	5	18	24	22
29594536-18d5-4d83-8e6d-f08c0276e974	16	24	6	16	20	24
886df7e8-172b-4bf4-a187-6f77e74316c2	22	17	5	18	24	23
4896e39c-3073-4ce9-bc16-e115629a7ec6	18	24	10	21	16	4
ecdff4cf-c39c-41db-9124-85d5e5e80d74	18	24	14	18	20	5
597385a5-e254-41d0-a321-a720622854ba	23	18	5	17	23	24
154c6718-7af6-4447-a6f6-6817b5c8caf3	21	13	3	11	11	15
595377d6-fa17-42e8-a96a-642e8992d06e	17	24	11	23	18	7
8a5e48cb-6473-4184-98e4-407c96bc48b0	21	23	5	11	19	24
48f38cde-770e-4bc4-aa97-083bba38e2b2	18	23	5	18	24	5
cfd55a6f-8d1e-4d69-9f70-bf22c4bb5f72	16	22	4	21	16	5
c73d3960-8b2e-4cfd-bfc1-d51355c8263b	17	23	15	6	7	3
b4183006-2d05-4527-8465-25d3021d80f6	13	21	11	12	9	2
30c2535b-e000-42c1-9b60-0f02813cc701	16	24	5	19	14	4
0c2c3e84-9673-4f61-8966-1957e0268f50	14	19	13	21	24	5
9f999d22-1d11-4d65-8cfe-fae848f9e740	23	18	5	18	23	11
e32d76c2-f91b-4d35-a664-9422132ade04	18	23	9	18	20	5
3808e8fa-073d-4115-9cae-e66475e4cb8a	18	24	8	20	23	5
49f6e7c7-0ae9-4011-b039-c5d82ecfc6b3	23	18	5	18	24	9
ad6217f1-3302-4732-bd4a-424526e6f144	17	13	6	18	24	23
98aedfd9-a6bb-4b0c-81f9-e93879f131cf	22	13	5	14	14	22
f5b84bea-63fc-4180-b384-008d8c82ac46	22	13	5	10	10	24
91f68959-2427-45f4-b78c-37db74b6e623	18	24	6	21	16	5
c2592aad-9885-487c-885d-a22ebde83891	5	5	6	18	24	24
75ba3eca-7810-45f1-8c15-a041d23c536a	18	23	8	20	15	4
d42af4ba-3588-4e69-ac95-03fcbc028bb0	18	24	11	21	24	5
583f1e8d-46cb-4507-8aab-efb3fbff96c4	18	16	5	11	11	18
9eaf8bbe-e024-4e8e-92ce-7c77eeef929b	22	13	6	18	24	24
107e5e0b-e512-48a0-9a06-5635f3b0d466	18	24	6	18	20	2
68ce3423-d9c8-46cd-8a21-e460fd4dad1c	20	22	5	18	24	23
41de8232-215a-40fa-8399-960f33ea9896	16	21	6	12	9	4
393ab3e2-c9f7-44ae-9b6f-d31594f8b116	11	10	5	17	22	21
ee6b0d8b-7d24-45d8-becf-d1e17a8fea3b	20	23	5	12	9	10
abd5d41d-7094-4607-92a3-229252758b7d	18	24	5	21	17	6
a59bd9da-a01c-4901-8b84-fc18784fc6d4	22	13	5	5	5	4
5ecf5ffd-3f7f-40bd-b7ea-17ada270b8fc	19	13	12	20	23	5
38b15e39-21a5-40f3-b0bb-6715aa0287fd	13	23	6	23	18	5
3e8c44ac-3be7-412d-a00f-7b3d837fa7be	23	18	5	18	24	12
391fe507-220b-4c85-9970-789ca1a66330	14	13	4	21	16	5
685be56b-5028-4493-81f1-04e5c746de49	18	23	7	23	18	7
c86e6bb8-f8fc-4b3a-a4b1-7bef116e15e7	10	21	17	21	23	5
2df84cc9-4b58-458e-93d1-1de84b298d58	18	23	10	18	24	13
4098bc5f-3476-4914-8140-ae3f0c99fb38	18	24	5	17	10	5
13abe8c7-e001-4f54-af5b-631b705ec58d	21	24	5	10	10	24
2b4fc6d6-b8bb-41f8-ad17-da94877e470c	21	24	5	16	15	5
3b0220a0-1795-4acd-8b9c-68c6c881df1f	20	24	8	12	9	3
f3c1116d-4e57-4241-87c5-fe88a3900914	14	23	7	10	9	6
906e226f-ae63-4250-855f-d8b4838bd50f	23	18	6	18	24	19
d0378887-34cb-42f2-9511-2abfd95430f1	18	23	23	11	5	4
7cb91198-68e5-491d-a69f-be0eed556e4e	22	17	3	17	23	20
dbfad04d-04a4-4142-8fd2-192f51cdd271	18	24	6	12	9	2
3ac6c60f-1804-46b1-ac0b-19fb5e2bbb7f	18	24	7	11	8	2
abed1281-2290-4d90-8560-06c326636070	20	20	5	4	4	2
85cffb12-9211-4294-a511-506e17df2d5c	18	24	9	23	18	6
4155e5b2-593e-49b5-bddb-cebe31fe3fcb	23	18	5	17	23	23
49a61bf8-e2f5-411a-ae08-4aa6d78aa047	18	24	9	23	18	4
f2010166-86b5-4424-baf5-a4f7276f60d9	18	14	6	16	22	12
2b27402b-0de0-4db2-a924-6d14dc156280	18	23	9	9	6	5
0da3bde2-5c19-4585-b2a9-5d77b94ebf0a	13	24	6	23	18	5
cd15ba91-dd9e-4343-a99a-bc587d55722e	18	24	3	20	23	5
111f88c9-3c97-4a8d-9f47-39ea0efd522b	18	24	7	21	24	5
e80258fb-b285-48fd-a9e5-6c8f194b36b3	18	24	6	19	22	6
655d6ca5-94a0-46fa-a65b-73a724cb421f	21	24	5	17	22	17
0f6e07f5-4c7d-4387-87e3-f93c2fb4f581	18	24	2	20	22	5
dec83ecf-d50a-443e-abcf-791812c675de	20	24	5	20	18	3
d27428d5-ca0b-4d6c-9c37-6dc57c59f267	23	18	5	18	24	24
510259dc-fb05-472e-8481-42ff885410b7	18	23	16	7	7	7
fff846ca-b90b-4df0-915b-8e90579a624e	18	16	5	11	11	24
30b68e09-e03f-4dce-8e2a-d04c97008f75	14	23	6	11	8	4
568a8cba-4912-4593-bd73-539f9d573bb5	18	23	4	13	10	3
421af1e0-68f8-4d53-9880-8c60e54e4cab	18	24	6	16	18	5
6f62ea4e-211c-42ca-a2f8-21373ad95bce	21	23	5	10	10	24
30931797-96a2-48e7-bdfe-766ed100fc5f	17	23	9	11	8	3
acf9788a-3d7f-449d-8e5a-1d2c44cec5da	17	23	11	5	9	3
6c0c8afe-a394-4e38-b190-b50ff33bf387	21	24	5	18	24	24
50c11ce7-a6ad-42e3-ba39-f705c83bacdd	17	22	5	11	8	4
bf2b2484-47aa-4197-bf85-ecbfc9fe803e	21	24	5	17	22	22
147b8237-37d3-46a6-b15c-9129d152e6f4	18	24	6	23	18	3
b54682a7-bf9b-46bb-ac46-8f98b61cbeeb	5	7	5	23	18	4
6553a860-3f05-480c-82da-430df9746fd2	21	24	3	17	22	24
5cc09eba-88a0-4582-8777-72f800878d63	18	24	5	6	13	3
7e452b1e-9e4a-4b05-91e8-ebb464c9ac99	18	24	3	12	9	4
5c222795-9f90-4206-9738-2e633e02083a	4	4	10	13	10	4
50eb8874-aff4-4702-9286-e27ac43d01b0	18	24	3	5	5	7
0a5505a8-62d5-4651-bdb4-a5602517bebc	6	5	12	12	9	2
ba81f28a-3ef0-46d9-bb00-c27a3e81d6d4	18	24	9	23	18	8
8fb58eef-a067-4d19-94d3-cda83720a84b	16	22	5	20	23	5
b5f89939-7942-4a35-93c9-9c26c4cb720e	18	24	7	21	24	5
3cdef778-0fba-4f09-a163-e3c4e1c6f35b	18	24	6	22	18	7
86c6ab91-0ed7-41a8-8961-901548a55616	21	23	5	5	4	4
975fef3b-0ca4-470c-8a9b-f37b1102128e	18	16	5	7	7	22
fe254e1c-86f0-4503-a008-b3fa96fdeb49	18	24	11	23	18	5
a124847c-2df1-40c7-ac4f-906c25a97140	17	23	9	8	5	9
ed8c9f3b-ef3c-4aa1-b3a0-fc17fe86fa16	23	19	4	14	14	6
d8f8077a-be14-4c96-b6dd-3c4d8ef38425	22	17	2	10	20	8
7b7b779d-a45d-42f5-b6ab-4e3e9230a1cc	21	16	5	7	7	22
22d42c1b-ab1f-499c-a04b-c06a8545c31f	21	23	5	18	24	20
a0194b15-11e3-467d-96e4-34a3848723ee	20	18	9	19	22	2
1853ffa2-fbf5-40e0-8ec3-c959420f50da	20	21	5	19	23	5
b1f454a4-60c0-4158-b85f-83120c510e67	6	6	4	21	24	5
d020e56e-09f5-4d77-9eb6-a98a80d3871e	17	23	6	17	14	6
20bcd19f-08d4-4e84-b3f9-cdc643d6ea7c	18	23	9	9	6	4
2bbc9086-4720-450c-a225-ab6e18d501f6	19	22	9	11	8	6
9fa55c51-b03c-4dd0-90cc-f8ac65e4588d	14	23	12	17	14	5
a1c73142-0626-4196-a3da-8fed75809513	18	24	16	20	23	4
8a3fa986-8019-44b9-94cd-b97cc02f92b1	18	23	4	21	21	5
348cc9ba-a988-4a82-92f6-a7aef85a86bc	20	24	5	23	18	4
27a8775e-45fd-4711-a442-8f74a1cdef4c	20	24	3	14	15	24
e1909f0a-5951-448f-b8d6-797c162c7bf8	18	24	7	20	23	5
c59deddf-0941-4826-b70f-f935579a2624	19	13	6	21	18	4
605a2562-d98c-4ad8-adef-0d7f35abb135	17	22	9	14	16	3
575a0436-90b2-4b38-bbac-34aeaf009cd0	17	23	8	22	17	3
0f18ac06-f5e4-4a70-9c99-b707daa1df95	21	24	5	17	23	23
75211355-8211-4174-ae6a-41991a29e3e3	19	17	5	10	18	19
a6ba1ae0-b197-4403-9c9f-4a2dd2832002	21	18	8	17	23	21
c4632ba5-fe2d-48e3-8991-7f1668473a04	17	23	5	18	24	20
628717a0-7dac-4c70-9d3c-c81927b78483	11	20	11	23	18	4
d134cf71-f342-4993-a479-92dcf2f470c2	19	22	5	18	24	5
5561a82e-5278-48ae-80da-d83312f96fe7	21	23	5	11	21	23
f397d4dd-7eb9-451c-87ec-fcdd4a3e1c7b	11	20	8	11	8	7
82a78621-a9d7-47bd-98cf-e242cdeb41c7	20	18	13	14	23	5
a4d05fef-e1c8-4216-b99e-3563164a302f	18	24	9	23	18	5
f93de55b-bb13-46e4-a2a9-c10181c0cfa5	18	24	9	17	14	3
c687a513-d75e-4c00-aa77-5c7176430fe0	23	18	5	6	6	24
47d37a66-bb8a-4341-9ca3-a31072c263fa	18	23	7	23	18	11
b3b29775-5a28-45f7-b71c-711799519199	19	20	5	15	20	24
1a335695-8976-4648-8419-6b662f2704ae	21	24	2	18	23	7
51e5b317-7f34-48e5-a309-4a1ebe1e57fa	20	18	5	7	6	3
a2f48115-f802-443b-869c-e3291f0b22d4	17	23	6	23	18	5
c77a6228-45c9-4838-87a5-74568e0af5a6	19	23	5	21	24	5
0327b207-f924-4953-8d44-41bacec7b4bb	16	21	9	8	5	4
22f9d361-f9ae-4547-9b81-ec5e1723864a	17	22	5	7	7	4
d2b8066e-61d1-449f-8687-fdb710dd2c3d	18	23	9	15	12	10
cfbe88e5-2e97-4077-8ed0-9da5290512f7	20	24	5	23	18	5
706ec5dd-249f-4022-983a-28d70e1b540b	20	24	5	18	24	22
4ac0336f-9262-4482-a918-eec686fef6e8	20	16	6	18	24	22
19780b6f-7738-41c3-8065-d134790f49b9	23	18	5	17	22	21
91df48bc-c46c-4114-8cfd-840feeb38fde	21	24	4	7	7	24
4b032569-edb5-440e-8173-8e551f83742f	21	17	4	12	21	21
2ba3fc63-112c-4f3e-a1ff-03d4af5178ad	20	23	5	17	23	14
4069015a-362a-477a-b5e9-5fdd41f17fca	17	22	9	5	6	22
7660d56e-c877-4e91-aeaa-ac29c6b10cf0	14	21	8	15	21	3
87abe02e-a30d-44e2-a230-4ec5f28a18f9	18	24	3	23	21	5
bfff1ee0-9e6d-444f-b700-40613fd82ee2	13	18	10	12	9	4
772f7028-07cb-4c66-827e-5a8ffc839f03	15	20	6	15	21	3
cf00d563-3454-4063-9023-14712d7910e6	18	24	7	17	15	4
04d19c1d-5670-409a-86e3-e5a9a4b96012	18	13	10	23	18	5
b3325ac5-0894-4b37-bb50-1d0804f295fd	21	18	5	15	18	24
d57fa134-620f-4c62-9976-e45f972174dc	13	23	5	19	21	5
6f51954b-ff0f-4c4e-b28a-6730b3e6fb0d	17	24	5	17	22	24
ffbb773e-e786-4e39-af6a-e5ebd9574b0c	20	18	10	13	10	3
6b925801-c279-4924-b52b-e4e4c10c40ea	18	24	10	7	6	2
c2ae4e45-5774-4307-82b3-554ea3c2b8ac	22	18	5	18	24	24
9f98a02e-880b-46c6-b718-72a45780ebb9	18	24	5	15	19	3
83b204ea-8c5b-4517-88c9-42207f4fe603	15	21	8	5	5	4
790d43fc-e0e2-49f0-9899-76a1eae9a323	22	13	2	18	24	22
e2c5f549-f683-40f3-86d6-7f6ef473146a	23	18	6	18	24	21
00fee392-e730-42be-9b66-34c120c8b891	19	23	3	17	23	23
cd085810-b5c4-41df-98a5-0bae7df79947	7	4	13	4	7	3
9499acf3-1e96-4035-acef-def9d251a3eb	21	13	5	18	24	20
c89bcc6c-0c39-46a7-b039-37084a7ecc82	9	6	5	16	22	24
d0d32b37-24c2-469f-8add-2686b5e5faed	10	19	6	8	6	3
41b49824-4ebb-4fe7-bb52-34ba5997f7d0	18	23	10	20	23	5
42f397bb-e15a-40db-b50a-6e715377f49c	20	18	11	12	9	7
52739e46-869e-4c01-9497-e0fcaeec649a	19	24	5	12	12	24
60b10a19-72ab-46f7-a2c2-7b0215edadbf	17	23	5	11	8	11
ad8ccf7a-44a3-446e-8c55-ce64220b4aae	18	24	5	19	23	5
153e9720-f2dc-47f2-941c-6dd60a04b5ac	20	19	5	18	24	19
32c05ee5-7b5e-425e-ac14-f797b6230dc3	18	24	5	23	18	5
51c1f340-ed9e-4e22-a382-5b53ea451da6	18	24	5	17	14	6
927efdd1-ad70-4d69-80f6-5a2bdac2d75c	6	9	13	8	5	15
ce8f5e8e-466b-4717-a97a-2ef6637f9ee9	22	13	3	16	21	24
f2e45afb-3629-4f41-b3f0-9f3c7c0a4be7	23	18	5	17	22	24
b5d7b432-da82-41b1-af0a-942f5143e8be	14	23	5	22	17	5
f33210ec-42a2-4b05-a6dd-bc57235ab72d	22	13	5	12	12	4
ec4194b4-528f-42f5-a7ac-acc92725306e	23	18	4	18	24	24
43adda62-6768-4c4b-8bc4-8501c93352e0	22	13	5	18	24	24
bf424fd5-86f6-4fd9-b31a-00ae7e09574e	18	24	8	17	15	3
170e7d99-ed78-43f3-a8ad-5beedecdbc16	18	24	8	17	15	3
093e4712-54f7-42a7-ad26-dfbfc90807f0	20	18	4	17	14	2
8f7e573b-71c6-4837-b06b-f6a67f4c1a89	16	24	6	20	18	24
2bdc3b1d-7261-4e50-aa6a-307854ec9ae0	21	12	5	23	18	5
da8b5799-0987-4edb-a490-091db32c4803	19	22	5	11	8	5
f42404e1-b1a6-492f-89f7-1a6a8dceede9	18	23	11	23	18	5
9026d9d3-f14c-4a56-95f0-603bac1ff892	18	24	9	8	5	4
6296bbee-a6e4-4c3a-85c5-369963da6382	18	24	5	15	21	5
d329ba5f-cbdd-4f14-82fc-73492c8ab45b	12	21	5	23	18	5
41b1b7ad-be74-4c36-ba2b-4df7b18898ce	20	23	5	17	22	24
b567967b-46fe-4cf1-b75e-6987c6146df6	5	5	4	21	24	5
c9a71d1b-4715-45f0-b071-1091991a08eb	20	24	5	22	17	5
c19499fe-9c01-447c-92a0-362f85014fbb	23	18	5	16	21	16
5a04c9a5-053e-4f46-9bdd-508ec57ea577	17	22	5	21	24	6
66f5d2e5-bab0-4330-9be1-2f8fd5466799	17	24	6	20	22	4
4ced686e-fe27-4065-8374-95b14732c773	18	24	9	20	16	3
042de2cd-aaa7-4346-8740-3a221ae49a3b	18	24	9	13	10	7
6cf7bad9-f4ce-4072-b1e9-4bb16aee7f6d	23	18	5	6	6	24
fab3acb0-01e5-4855-84c4-8404dcc5b78e	17	22	6	19	23	3
6692f437-37ef-4f4b-8974-4a4bc963d31b	17	21	7	20	22	5
eb0ed5f8-9b0f-4649-8f65-4834347e47c9	19	14	6	11	8	3
89eb130f-fb87-45d4-b73b-a220c16d47f7	13	20	5	18	24	24
62e737f3-9afa-499d-be78-b5a4b24d4617	23	18	5	17	23	23
e6a5de7b-6e04-4c8a-a843-7d8740681f2c	20	16	5	13	13	19
a9d6c94b-8a2b-4308-831e-28b1d2d342b2	19	13	4	18	24	23
05f1a411-03c5-451d-a519-eeea5841f78d	22	13	4	18	24	22
cbf9d8b9-5c2e-41b3-923c-735a50a14b52	18	24	9	13	10	5
46167cc9-be74-4e19-b1de-a65369da5673	16	13	6	17	21	2
1a049796-c2a2-4e9b-b51a-fc4d86f3a300	21	24	3	18	24	20
b8ced3df-0a6c-4809-a3dd-e075364d79f9	17	23	10	11	16	3
9ed1ab5f-76da-48e3-89ac-266f9cae947c	17	23	9	22	17	4
fa0eb9d8-0650-4a74-bf39-73774ff45b21	17	22	13	22	19	5
34a4a80d-5b85-4882-b573-85ca1cbf6887	21	24	5	18	24	11
54e87d0b-98ba-48c8-a4a5-e11e7e1b6354	22	19	5	16	21	21
88d861a7-8cb4-42ad-8a39-181fd2040469	18	24	8	21	23	5
2aa3edfa-1994-4b3b-9609-7c151b128ccd	17	22	11	21	24	5
bcb47e46-a5b5-4de1-93ff-5c6820c6bb5a	21	24	5	14	14	24
9d21fe6e-d0c5-4e8b-b0ca-84ae14833802	18	24	8	9	6	5
3a748651-9364-4388-a099-51dcc4d9dd84	23	18	4	18	24	24
8e766897-dd76-4d90-ba13-b4b57f6322e8	20	16	6	17	23	23
4ce8bd68-68f6-4f66-add0-12864d9458da	21	24	5	18	24	21
a6832f96-3bda-4fa4-893e-bbd3fafc0137	20	18	5	19	21	5
22de3390-67be-49e4-8cbd-95a405f4f577	21	17	5	14	15	20
84f8a07a-e4e5-49c5-9a86-4d1222d705fe	18	12	4	23	18	5
7f5e3109-f5f4-4de9-a3e4-a5221756df2d	20	18	7	16	23	18
5688dea0-e3f8-4550-aef4-f6808a3ad519	19	15	5	6	4	3
23fe712e-1681-4f45-8bf5-003c07b2cb8e	18	24	9	23	18	5
73a215f4-1b6c-40f1-944b-d799c5d3a1e4	17	22	13	21	22	2
f4ee8915-62b2-4361-a6aa-c87cc3127a4f	23	18	5	18	24	23
a7933b8c-c4fa-4a44-b5d7-189763d06b08	18	24	5	21	16	6
c83f4599-cb3e-4fe7-aea4-20cff425d7e6	21	24	5	17	22	22
a55e1136-8c25-4f12-964b-29ca71f4f756	22	18	5	16	23	21
0d0a4270-ee99-49c8-a03e-78ef1ed29006	18	24	8	23	18	5
d2c28187-8e3a-4a6d-9c26-061c46a568e5	20	12	3	9	7	24
67a333a2-0c25-4453-bcdf-12aa376666a7	20	16	4	6	6	20
6496de92-cfbd-4247-89c4-1ccd74d7fdfd	18	24	5	22	18	5
51dc30b9-f305-482e-90b0-45025bfcb7d0	23	18	3	12	22	13
ec26e06d-3dd1-4668-864c-902f12b38377	20	18	11	12	9	4
a713503b-2e3f-4442-9827-21132503d35b	18	24	6	21	16	4
fe9a945e-b7df-4587-83bc-2e5f5b9384ef	17	23	9	23	18	5
baa9fd2f-ae43-4474-9a95-ad6ce0495b33	18	24	7	5	10	8
1e89874d-5316-4a11-ba86-04fc13b7067b	18	23	9	21	17	8
0a05a51d-1f8a-479c-9454-f86ad82879ea	22	13	5	8	6	3
4fa1772a-5730-4639-bab7-a7114379e6ab	22	13	5	18	24	23
c5a4e457-a69e-4210-92bd-dd053f22f8cd	16	21	3	22	17	5
5ba78559-e0e8-4a38-a7d0-b40236f94bd6	17	23	5	7	6	3
ebdb6f71-c674-4681-9891-8f45eb4a4d17	22	17	5	10	22	18
1a380b34-c878-4329-a598-2f392231fb5c	17	21	18	20	22	5
2ccb84a0-a713-4c7c-89a3-99016d7e36fc	20	21	3	18	17	24
6dad2b58-8632-4ce9-b20a-c78c37fa1e61	12	20	5	17	14	4
7d95a6cb-71ff-4e2f-9a07-dbaa8abd695d	20	22	5	18	23	20
fdb67838-1e6e-4dea-81d4-c27a67822f39	23	18	5	19	17	20
58c450e2-20d6-4fc0-b0a9-4675e65ba8eb	14	21	6	9	6	3
0556d6d1-cbf5-4281-bc9c-c1a75e6ba209	21	24	5	17	22	17
1082a14a-5c58-4e20-bf1b-06b92114e530	18	23	11	18	24	17
12e23a92-3ab2-48be-8d7d-ccb9e2445d9b	18	24	9	16	14	4
cbee65ae-4fe6-46ba-a920-8f7eb7e03b10	8	6	5	16	21	23
7fdf87b8-71da-4a12-a43a-61a3199f2435	15	23	5	23	18	5
bdbe8eb6-a24b-442b-8161-d409013fe38f	21	24	5	17	23	24
21e01ce9-96bd-4d7a-be3e-66449d02c1e5	17	23	12	4	6	4
64e63cae-7c85-4224-9e96-dd6223db20d1	17	23	5	12	9	5
7362db6c-9410-4eed-9975-4871cff72978	20	22	5	17	22	24
29a8cedf-f8e4-4e62-8b4d-e94b4a9d391a	5	4	5	18	24	24
05309b00-501f-48cf-85fd-642d4e00a07a	18	24	6	12	9	3
0a8b9c20-01bb-4edf-ba35-821ffe02c46c	19	13	10	11	8	3
be819961-1cc9-4190-837c-f7e916fe8d5e	22	13	5	11	11	24
fa48ece2-c1c1-4635-865c-fc19a4662e7f	13	19	5	19	15	5
4d3f39e0-a55d-49cd-a0dc-f1919936bf0a	17	23	10	23	18	3
0d0fd25a-5a9c-4118-9f12-2a39b52f8054	14	17	9	9	6	4
470d115e-6c61-472e-80a3-06e7650e4ab6	18	23	8	21	16	6
8e184d9d-d77f-4ca1-81b1-e7c2be3c7f6b	23	18	6	15	15	24
fa166552-b181-452c-811f-e7d9950d63eb	19	24	5	5	4	23
94b831ba-3f20-4007-be7d-4ca5f8c49464	20	18	5	18	24	20
6c21883c-1495-404f-9959-0c15d3186248	17	23	9	23	18	5
fb655590-696e-4c70-b58c-aff7593e232e	21	17	5	18	23	24
75460ab6-0336-432d-8f6a-def086f1a298	13	23	6	14	19	3
9304c747-3333-43cd-b97d-cdbecb4754cf	23	18	4	17	24	19
de0298a3-2d65-4dfc-908c-8003c4e2ff91	16	21	11	12	9	7
8358d2cd-f339-4cf2-a6e7-f8e81cdb1e7c	23	18	5	17	23	24
f25f4b03-c860-4306-becd-5c1adc12550d	18	24	12	16	15	5
b0b917ac-d208-4d4b-9781-902cdb7c2f68	22	13	5	17	23	24
a2ee8d1f-ebe8-41ac-9bda-f1a391395fc6	18	24	10	12	9	2
a1c434ff-d0ca-4222-bdd6-e77ccd0a2811	13	13	5	12	22	11
0c7269e0-1c77-4622-af6f-70e56a9bfa2c	18	23	5	8	9	2
2ae2b839-4a62-4cab-815a-cf06fa9c5050	9	13	5	18	24	17
242e8240-2ac6-4303-b029-d6899b56a351	18	24	7	23	18	5
9e4b2eef-3441-4a9f-9b24-277abe4dcf45	21	23	5	6	8	13
4d22952a-23bf-4c9b-8ff3-02a3df90ec8a	18	24	12	4	5	8
f9df5feb-615d-49da-b823-6da5b26d137a	18	24	8	9	6	15
0dd6c8ff-378d-4319-b2b2-1136c40cea82	18	24	13	7	6	9
4ab7702e-2c92-462f-b420-03878d9314b2	22	13	5	16	21	23
c1ef261e-e486-4198-8ae8-64a20355b3f6	18	24	8	9	6	3
4ae62d44-32e1-410a-b622-49ab69d3872f	20	23	5	12	12	22
4a15b2b1-0ebe-4211-93f1-0120231c771f	18	23	7	13	10	3
b7355d31-5df2-43ad-80f9-513685a1cd54	19	17	6	17	23	21
40f8818d-e02f-4059-bd1c-6e4ff6a56e82	19	13	5	18	24	18
c2493f6c-bd20-4317-94aa-29d56d866ee5	18	23	15	13	10	5
88486fd8-b213-41a4-8d83-caa9a2153d26	18	24	6	22	18	5
18865d41-a0d1-4f83-8a7c-d161159e8394	18	24	12	21	19	5
07c69b24-2ac6-4d04-869d-ba68ec0ff048	20	18	5	14	14	24
da15e1f8-5301-4e18-90d1-5da85d096fa0	18	24	10	23	18	5
91fc270a-ab40-4869-84a5-985b2f9a86bf	14	22	7	12	9	3
3a635d68-e6b4-4c50-aa50-f7372d18a03e	23	18	2	17	15	18
56955760-bf39-4acd-9920-1e489f7db5ba	18	23	8	12	9	3
39d6e9fe-3a23-4da5-ac20-d8b45a1a4514	22	18	5	7	7	19
8a7b4954-cb0d-4030-8201-5e11434aa1fe	15	17	9	20	18	5
5666c643-c46c-4a7b-9645-448ab90c4415	21	23	5	17	23	21
52857659-7f7d-444c-930b-d3a95a971581	17	22	6	17	14	9
9614d1e4-0c25-4c8b-8437-d1eea0a6f753	18	24	7	23	18	4
d9530a71-54a1-493e-962a-fa51c3a58801	18	24	4	9	10	2
a815f4bd-047e-4b44-b0c1-ae4ac0730290	18	24	10	8	5	5
a6f5c4dd-ecc1-43d6-ba2b-dee833cb31bc	18	24	5	21	19	8
bbddc3ad-715a-4f1f-a7e5-34d92fe444c6	23	16	5	14	14	24
cd49e93f-642e-4013-9b29-a086d101c972	17	23	5	23	18	5
0b674d92-dcd9-4788-8cff-b4ed4693ff92	18	24	6	8	5	4
a596cee1-e270-4115-a0a4-75b3a328bf30	5	9	5	13	21	7
e029d68f-db2f-4cb2-8a86-b60930bffbe2	23	18	3	14	14	24
a3cff032-075f-4fe6-ae87-713c32f4de39	15	19	8	13	10	6
7c038fdd-fbc0-43f3-9257-a19c4af60f66	7	6	8	20	18	13
537ede3f-44e8-4144-a782-a7c90561d321	19	24	5	8	6	4
cf195139-0fe8-4f17-b916-fd9313604fb5	21	24	5	18	24	18
4bf47c40-7688-4ac4-b2f3-f8a760be81e2	18	24	5	8	5	5
2505402b-c31a-4871-a801-6f11cf9e90f3	22	13	3	18	24	21
60c16311-9574-4b54-b4c7-192cd55f8b2f	23	18	5	18	24	20
5f8a6d56-76c7-4351-b291-ebed7059b73f	19	22	5	18	16	21
ffe1a2c7-514d-4548-9257-f8196abb01dd	17	23	5	23	18	5
7a2778ef-9d3f-457b-a98e-96b75753c44f	18	24	13	11	8	3
b32b0339-ead9-4ba9-acbf-36293128a5ea	20	24	3	15	20	19
4cd9776d-1b36-4fac-b2a2-fb4387ba65a1	23	18	5	18	23	20
7fd590ba-ad81-484f-94ed-f0b2d27de1b6	23	18	5	18	24	20
283e0875-3eb9-4c57-b3e6-04c41a4c8fb1	21	24	5	15	21	9
a9eb9965-5d4b-47a6-adec-876a599b6eb6	18	24	7	16	13	5
cd92bb32-043d-469a-8c58-6c7934486f8f	18	24	11	10	9	4
d6abaa4b-2a4f-48ff-b7ec-96aafc0c79b2	20	8	4	19	17	24
ed97d77a-85ff-494a-9c46-10feae33957e	22	13	6	18	24	16
b2796c9c-e86d-4383-8280-93f017d2c829	20	18	13	23	18	5
5d7498cd-df11-4342-b5e7-ccd5a927e5e6	7	21	5	6	6	9
f2327068-dd89-4331-8567-c7fc96b7c181	22	13	5	5	7	4
0ba5a729-84a7-48fd-a337-e2fa486fc3ff	21	16	5	18	24	21
de2f1f4b-2d2d-418a-8b9b-24b423bbcd60	18	24	6	13	10	5
3c03e30d-73cb-4011-8d09-f3b527b6ad24	18	24	7	19	14	5
e8608aac-9390-4893-a214-7df866c8c05a	21	24	5	18	24	24
7f9d64ed-a04a-4940-91f3-c8da09bca9a1	11	9	5	18	24	18
5c802b4f-8e1b-4811-9dae-7a8ee3cd2b17	22	18	5	15	21	21
6612c2e5-f235-4429-89df-19b11666220a	18	24	19	20	18	5
33c12ce2-77f3-46b9-90b1-878bf43fafce	9	6	5	6	6	22
88c7a74d-d6e7-46a0-bdc2-cb60c65204e5	18	24	13	8	9	10
cb648d7f-1fd0-4057-b141-24f5bd936c3b	18	10	6	5	6	7
887d8299-e938-46e4-8a6d-f0143a7cc0c3	18	23	5	11	8	3
5096a09d-e9d8-4b01-bd96-2ca7a963f55e	18	24	7	9	6	6
b9fcd256-9577-44cb-91f7-117adccf9c54	23	14	13	13	10	12
62d1ddaa-1a4d-4081-be20-d243ada134e8	15	9	2	19	10	9
e4e65232-e417-4c9e-970f-ff7d60cf19d8	21	24	4	8	8	24
8ad94018-be39-4e41-b601-86ee8c739662	16	22	3	18	15	9
fa657c64-0820-4913-968d-3bbe25e5a1a9	6	11	11	10	10	2
85015791-be33-43d6-b945-6b8038764250	21	24	6	14	15	14
5b5e7c4b-63f7-4680-b456-45d718f00f68	7	4	2	17	23	22
3c130952-9454-4c16-a28a-e94ebf9b863e	20	24	6	20	15	5
47136538-f419-4f33-a3af-45328cfee515	18	23	10	21	16	5
0c24e8ab-554f-44c5-8cf3-e1edf036135e	18	23	8	18	18	4
27664a97-55da-4696-9fb0-a8874d688e23	18	24	3	8	5	3
4325f891-3d1c-42c5-b0f1-7ab43aaa244c	16	21	6	10	8	8
6cb98466-db2f-4c90-ba3f-c18e36a7fa76	9	19	6	7	6	5
557e2411-6f22-43d3-907d-ff8f97017156	22	12	5	10	10	24
4c5770a8-fac5-40e3-9296-dc5505b8dbbc	18	22	4	16	13	7
a92c3c38-5b5a-4ac4-8d56-b152ea2b54fa	21	24	5	16	22	23
02fc52c0-e716-4693-a9ea-aeddc97fa7a4	21	12	5	20	18	21
608c693d-450b-47b7-93a2-d76e342ceb07	18	24	10	13	10	5
84364e36-f958-462a-a3de-e3fa9d595565	22	17	6	11	8	11
bef4d237-2a0b-45e3-a7ed-9a635be2a598	20	18	13	17	22	24
0cc0cc05-1b2a-4705-9cd1-db8df0f12d12	19	17	5	17	22	20
4fcefdaf-3498-4743-9170-87edf65f0782	23	18	4	17	23	21
250f369a-2242-4a4d-8d5a-86a6bf5343ff	21	24	5	14	24	20
463ce175-0bb7-488e-9831-770b09d6c642	22	18	2	17	22	24
eefd485a-5b68-4487-9a0a-5f617c921ee9	20	22	3	20	18	13
f68ceee6-f83f-4ab4-ba5e-dc6cb96a2009	18	24	9	21	18	3
31ca2164-9c08-4bd9-bc86-d9977863ddea	13	22	5	5	5	3
9b8dcb60-ff4b-4f98-87e4-fd9038262bae	18	24	9	13	10	5
fbb37a77-9648-408f-95d0-18dd0e35f00a	13	23	6	9	6	3
9a875419-fe15-40c4-8443-a0666501a605	20	7	5	18	24	16
582e4a40-06c8-4525-a4e7-0b904d8f833a	18	24	9	14	11	11
d3cc6bdc-ccef-4b14-a147-f2dd260fdc04	17	23	9	22	19	5
29ef8c80-80a0-4329-9fd0-9fac22281914	18	23	5	13	10	5
4234f565-9d9b-4ccb-92a6-67c43cb6c3f7	18	24	10	8	9	3
c2d0392a-75ff-4a06-b295-8bfcbd1cd9c2	23	18	4	12	12	12
53ae0ccf-5af4-4f96-940f-e1daadeb2f98	14	22	5	17	23	21
ebeb7a88-7991-40bc-bd1a-76d4ae0193da	17	23	5	11	8	3
7d569c42-e0ce-4f44-8dc1-fa9c19a36c23	23	18	5	18	24	21
d4f126e0-285c-44d1-92f0-251c6c78adab	22	13	6	18	24	17
28fe0b12-9ed9-45cf-b048-cbe5ba1ff2c7	23	18	4	18	24	20
25b27ef3-3836-4f62-81c4-cdcfa9307063	20	24	2	21	16	5
219c1465-b7c3-4a08-8ab0-e078458b0e84	18	24	9	22	16	5
a2a3d133-32ae-4ff3-ab56-3f790c9a2119	18	20	14	21	24	5
e7a5d380-9709-40a8-a235-a9674df280b9	21	24	5	18	24	19
7356c141-45bd-469b-8a53-3859cf62779e	16	21	10	15	13	4
ab70f200-7c32-4ffe-a75b-d40254be8ed2	18	24	7	20	12	8
e007ecc0-31f4-4a71-8491-a44a6c6da7b4	10	7	5	10	10	12
ca7ac22a-1869-4be3-a050-3ef05f8fe1e8	8	21	4	8	5	7
36e907ab-3d87-4723-a0cf-e8bddd22e3cb	22	13	5	17	21	24
c1bcefde-5ea7-4592-9704-18be107147d7	18	23	15	19	22	5
a17e16c3-1202-4538-8fa6-3b4e3b071212	9	18	9	6	8	5
747f1de9-e770-4fc3-bba4-e8e6744f221e	18	24	8	22	18	8
2490ac50-1f26-4bd5-96f4-c1a94b46a0ea	18	23	7	20	20	5
95b3fe73-9c80-41e6-bdde-5796fbd12aca	22	17	4	16	15	21
a8886ba2-9f3b-485f-97fe-42c11de4b7e3	16	21	3	12	9	4
78a96f67-a888-4a58-b3b5-527d89b1341f	20	16	5	16	22	22
e5df5166-09b0-48cb-a739-dc2684f9c185	18	23	12	21	24	5
498afc4f-c87d-4d5b-a9d8-903e9b0ad607	23	18	5	13	13	19
8e0eab53-be28-43d2-84a7-38c2de7c602b	22	13	5	18	22	19
82c4bca7-25c5-459c-9a73-6e073abca8f4	17	22	7	6	6	3
1800f178-aa2c-4fa9-a692-bd23aa3eca1d	6	11	4	11	11	16
a3afa9d2-f5a3-49d5-9e76-71dea7b9a9b9	21	18	5	6	10	7
09a5cd50-cb18-443c-96c7-4beb23772a2e	23	18	5	14	16	6
e5ba4c7a-986b-42e4-bb5c-182d3c84a0ab	13	22	13	19	19	5
70458330-a2d9-4a1a-b058-4938cbac1e99	21	24	5	22	19	5
22788ce6-fea6-4e3d-9f38-086fd2e6b361	17	22	7	21	20	5
5b4e99dc-4315-4150-8656-7d83257a8b0e	18	23	12	20	17	5
3f22a45d-6916-494f-9311-ac8af149a0f0	20	24	3	22	17	5
613921c3-50a0-493a-b6f2-ce289ff96abf	7	5	5	18	24	17
14056b6e-3471-4473-be13-9199ab814f38	19	17	3	14	13	24
a42f21e6-2382-4633-8604-38858cc50dcb	6	10	3	19	13	3
3bb3cdbc-615c-4948-aa87-75172bb1df05	13	10	3	16	22	9
1c678972-0da2-42bc-a54c-e5c5306be5bb	20	18	12	6	11	5
728e436c-ad5a-4be6-afe9-093596a7a055	21	24	5	18	16	3
d48ffdaa-ecc1-4c6a-9781-d0aa6482837c	17	22	13	11	8	3
42b1fc57-2c25-4c0d-88d8-9f49ea0bc388	17	23	8	9	6	4
863eabe8-5b60-4111-9b4e-d7da9026ba75	13	10	5	17	23	23
1a9b53a5-4d71-4ea0-8ed1-3a07f6d68c2c	20	18	4	21	24	5
a4a0d69c-6033-47ea-9b10-147484db02a3	23	18	6	17	21	8
3d8eddb2-3617-4a65-b621-a7bb560f1100	11	19	7	17	22	24
26bcaa55-5437-466c-9004-2c05b9a45e3f	19	22	2	16	21	24
d8b22e25-195d-42db-86b7-d3196e1b3852	22	13	5	18	24	19
07d87145-58fa-4f10-919b-2800cef24b03	21	23	5	17	23	19
abe6f8e7-5d0c-4c34-a9c9-890569cc971a	19	18	5	13	13	24
7076c8d6-3ba3-47f1-8b31-4c216e7e4618	19	12	5	18	24	12
33f5dd2c-955f-48d6-ba7c-1d923d6cc2e6	20	23	4	17	23	20
886ab91d-3c08-468e-89c8-8bca027ba3d6	5	11	10	22	18	5
081f2829-0d0d-4306-b80f-26b930000c26	22	17	5	6	4	18
42e5b871-7424-4cdc-b3de-4ae922bc97c7	18	23	7	20	22	3
3b5140b5-8c9a-4e78-b506-b0ba2aba08fc	7	13	6	23	18	2
8101531e-fa72-47d7-9321-1c5d801a72ab	16	22	9	5	6	7
5ff2d821-87f2-48d4-bbb4-2faf1e9cb1f8	22	13	5	8	8	22
2ddfac21-dd16-4c23-be74-b6497ff73852	21	13	5	8	5	6
636f9edb-f0df-4d6d-9de7-e2caf9a9753a	18	24	7	16	21	24
d4aa8f3a-8389-4017-8c15-4328eabe5300	18	23	6	18	24	13
90f0b714-6efe-4fe2-8f3e-e4016cfb4efc	20	18	5	18	24	15
730d81f4-83c2-4c02-af74-05146a68d172	23	18	3	11	16	11
7f9e53ea-ab47-428f-a724-9e47e7651a06	22	17	5	17	23	17
ae7a5de8-92bd-48d1-95c2-dbb7a8b0cdfe	18	24	12	22	17	3
35e8737a-4f86-4879-a9ea-a2ea279434de	10	14	3	15	17	5
68b353b0-cacc-4a07-8248-7c29072106f4	9	7	3	15	20	16
fccbfab8-bab0-4a9a-add9-e06416529014	18	24	5	21	16	8
2531db24-c02a-48ae-b566-a1bf66f03fb0	22	13	6	18	24	23
b959a393-b9f7-4125-9e2e-ee44ac75f368	20	22	5	13	23	18
9d73427f-ae49-4d70-b1c9-8e7c1ab25f87	6	6	8	23	19	5
4f7bc02f-09c1-4545-a950-b3afa28bb0e9	22	17	3	6	6	5
0e537c3c-b4c7-4dd3-8604-97333ad6d4cf	18	23	7	19	14	5
c7f67304-eec2-4e7e-bcc1-df257aee0e33	20	16	5	8	8	8
3c31dc83-1242-4bb2-9bdd-07a94ae00411	20	21	5	20	20	23
2b52268e-a7db-48ac-90dd-7ecee23fb7d5	18	23	19	9	6	5
f8986c02-1338-4a6d-b237-dcf95bdfd900	16	18	6	5	10	5
88e30096-ea45-4f25-8d9d-d4efd7fff0f5	17	22	5	19	14	5
fb26def5-16d1-42f9-8286-88f5d729aafb	7	14	7	20	22	4
9eee4357-191d-43fd-aa99-1078d0373d50	18	12	5	16	22	5
f18face5-dd11-4ef0-9e33-22b801de8543	18	23	13	12	9	4
fbd6fb74-1654-491f-996d-a5696036a76e	18	24	8	22	17	5
8212b5ce-73e4-4923-a255-33051fa044b6	18	22	5	20	24	5
bfe4e6f6-8989-476a-b120-e717427c67b9	6	4	3	18	13	3
8e571c11-7819-423c-874f-633e0bfe04b2	17	5	3	16	14	20
53bca3e4-8545-4627-a2ea-5b4508383988	18	24	8	17	14	5
02e49176-4a3e-47aa-8c4d-23e8ed7395e4	7	11	13	19	10	7
b44f5b68-1910-4fd9-8d20-57eae3965c5b	18	23	11	21	16	4
accea1ca-07b7-4673-b18f-17779a8ae169	20	23	5	16	22	5
317185a5-f610-45cf-8688-3784b17fffbe	8	20	6	8	13	8
740ea3c8-b54e-47c3-bb44-6a0ab22ab7f0	19	9	5	16	21	14
0a28b759-7e9c-4571-8861-fa7652074f12	9	19	5	17	23	8
75e9bef3-d756-4532-82e7-805f6fee402c	7	5	4	13	13	3
3eafbe92-1330-4351-9892-cfc3b99d7d84	21	12	5	12	12	4
14efb961-f7d8-44dd-84b0-5cd33c4a01ea	18	23	7	21	17	4
dff62106-6a6d-4199-acfc-b617ff1ae6fe	8	7	9	13	10	10
4ff72efa-d3a0-4865-a919-965e1d73744c	18	19	6	23	14	5
76c511f2-951a-4345-b381-e70be2718352	12	15	4	22	17	5
497af43e-0516-4d2c-aff7-6a492008c781	18	23	6	6	16	22
abee279b-c88e-497b-9e64-48f2219375eb	22	17	6	16	20	8
0b3f113d-ae1a-4af6-82ec-be8bd24c1d5e	19	21	5	15	20	22
f789fd92-df31-497c-a30b-0fb02cf222de	17	21	7	12	9	3
48d926e3-f749-4ca8-9cca-7ed898232fa4	9	6	5	14	19	5
ea989dac-7c73-4101-b07f-2b66174aeeb1	16	22	4	16	15	4
a7a858c0-9d03-4b15-8a7c-f800f60e15d9	18	24	18	23	18	5
ca033877-0023-4f46-b2af-3129db429739	22	13	5	17	22	20
fdb78441-3099-4113-be7b-d24695f3069a	18	23	12	20	10	5
24a8d6e6-5cf8-4395-b7a2-161be925e3e6	17	21	5	16	21	2
4312a466-7dd6-459f-968e-86bd6d465636	17	19	6	20	21	5
82d47960-5e5c-41a0-9c96-c9ab62b5764a	20	22	5	16	21	24
64710a35-4bc4-4dcd-9482-518a319b6991	18	24	10	23	18	4
d3f027c9-e8af-4f43-b68b-aa48d64ce524	9	14	17	21	24	5
d1b3ec49-2e9b-4488-a2a6-91b8e2ce5316	21	23	5	11	17	17
92bc14b9-6a73-4bff-96ba-f268a8dc7fed	17	6	9	11	17	23
62c28162-bb7a-480d-b1b1-0c125f276e61	8	11	5	17	20	5
0644613f-b362-47d9-9124-3582980ee132	14	12	6	17	22	19
7c1e4178-8d06-485e-8b8c-4c751240984a	23	18	4	20	18	24
80e97649-02ef-4588-8cb8-8a5eee7ebe47	18	24	10	20	21	3
3478f68c-3bda-43df-a51d-f59f930aae24	21	13	5	17	22	5
b6710f12-3cfa-478a-8c9b-a941728fa03b	16	17	3	15	20	21
8b69e63f-2a7c-4d35-886e-f90d40ef893d	18	24	5	23	18	3
d44f48d2-0f2c-4aa1-9558-ce827afa57b0	18	23	6	23	18	5
a54bf35f-3e99-4cdb-acfc-2f0f5008e473	13	10	4	15	20	14
5c876540-a2e6-4a84-8ea4-6585bc1011a8	18	22	9	14	11	5
c9cc9225-c510-4d58-aab9-669338108a50	19	22	5	17	22	21
14e37f2b-94f2-4ab4-9e45-f1d91f78fd85	18	20	13	23	20	5
94f4790e-be72-49e3-ba07-52744742adc8	17	12	4	17	22	12
3040a310-372e-415c-aaee-0fc47d7d307e	20	18	13	23	18	4
ff489d83-5c88-4807-96cb-3087c7b74a93	18	24	8	19	21	4
1e680396-5f63-4ce2-8552-f0ef276cd7bd	18	23	4	23	18	4
6045dd06-b5fd-4c52-b739-f412f5fb0458	18	24	7	12	9	3
587c99bb-a618-4608-9827-21aa16b4c699	17	23	6	21	9	5
9e3e1385-8e10-40e4-8b96-ed7f12931511	5	8	3	5	12	18
d72cf529-af74-476d-a3aa-b059f3414856	16	21	4	21	17	8
e3e8f361-85ee-458a-be43-cede69829122	23	18	5	16	22	17
8cd1d1ca-edbe-4c42-b93c-5cf5462ebd3f	14	22	10	4	4	3
0100035b-f38f-47a8-b7a9-738bb2d4cf86	11	9	3	20	20	5
57f6ea2b-9726-4451-b8f1-6616fa07acd3	17	22	13	21	16	9
19a563d6-723d-4cdd-86cf-bcdfc42a79ee	17	24	5	19	21	5
92d3ccf6-e93c-42b3-b2ce-2c76ad6ddeef	16	10	5	4	10	16
8ad22c1a-5795-4b26-9b58-26c427f898f8	19	17	5	16	21	20
5cef60bc-291c-4817-bca7-ae371de6b862	6	12	8	19	22	5
ca5acc7c-c42b-4aaf-b1cd-e63d70a0c46b	21	12	5	5	15	5
92a7c2c8-0175-4104-8c30-46b7c89cba6e	22	13	5	18	24	21
d346b0b2-32f5-4dda-bd99-40f9bdf60753	18	24	5	6	7	6
dae2fd86-6f48-4be0-91de-ea37d1a87362	17	16	11	20	16	8
ecc5a59c-d578-4d38-9ccb-cdb6b08a6fc2	19	15	5	15	20	24
451df0a7-35a3-43dd-84b6-b78050d900f5	12	22	4	9	17	7
74bb277e-09fd-4627-87d4-7909164150b5	8	8	6	15	20	5
32677ade-e42f-44d1-ba8b-bce932565b17	17	23	6	20	23	10
ceabd522-0615-491f-a635-f09ad2cb810b	15	20	6	16	22	5
d946875c-7fe4-431a-ae01-cdb408e46de8	19	21	5	17	22	5
772bed96-009b-4091-ad25-87a4b8aad310	22	17	5	6	18	19
d74e97ff-6699-4794-af60-66318607e857	19	23	5	22	18	2
4ceb95da-df91-4fce-a3d8-b33c6fbe76c2	20	18	14	19	17	5
36c8f012-07d2-493e-999d-c060435ce7d1	16	21	11	9	6	9
6c8b3f68-5cb9-46ae-904b-c8133b1b0ffd	20	22	6	17	15	9
38abb026-ce2a-481e-adf6-9d7d3987a221	9	20	6	13	14	18
625de9c0-56dc-4552-8049-058875a167f0	6	10	17	20	9	5
0631daac-49f1-48a3-ae84-6f5a52c4e77d	5	13	9	8	5	8
522b2121-c168-4a52-a955-2735a2c8d40a	16	22	4	20	17	7
54b756e0-0007-4751-919e-b7f0d6243368	18	24	5	11	8	2
0ebdc5b7-4aa3-42a3-a726-53ff38f1c588	15	20	12	22	18	6
37558d32-62a8-411e-a1bb-279c13073fc8	18	15	2	16	22	19
97aefa92-de05-4db5-9cd4-54ffc22fd655	7	10	5	13	23	4
6987bc84-07e1-47f3-9e43-7cb43dcfed56	21	18	5	15	19	19
a2769373-5168-4fb4-9520-65302ff21354	17	23	5	12	12	3
02b8247d-8731-47bf-8fc7-b4ac8d520fb3	19	23	3	14	20	5
3397a5b1-16f6-4e56-810c-4022e1fc2e8e	21	13	5	13	13	18
9ccf5636-6c84-4d75-9090-c7c49c6933d3	19	15	4	16	22	17
636433f1-98c5-4b8c-a709-fe39e4777077	9	11	3	22	17	5
5a9a7036-37bc-45bd-bd83-5b1b4c72442f	16	21	10	12	20	5
89e644dc-9990-400d-8fb1-48274987030f	16	21	9	22	17	5
31335f80-6898-443d-8da9-6a7e06492d41	18	20	6	20	20	11
cb0354b3-113e-4b16-9427-3df6964a36fb	19	22	6	20	15	7
1b0ca983-ae2d-4415-925e-d751e8292832	10	21	5	13	21	9
5bbe4c66-4e02-4853-ba51-073bb7ac52ba	18	24	7	12	9	7
d682bef8-a0f6-4caf-8690-a04c40ae70bc	17	20	3	12	22	10
7dfedd0d-1925-4d66-9944-761ab61c63d1	15	20	5	17	21	5
f08d8046-1b1b-4efd-aad9-49c2bdc9509a	20	15	4	16	22	15
8bb482aa-3465-4153-ba27-c8e4885f0f6f	4	11	16	20	22	3
7262c900-e936-4a05-9775-3c92a57320f9	8	6	5	16	21	22
e1b9bd04-1fc1-4850-8930-84726ce0c76b	19	22	5	17	22	18
d59cea30-44e0-499a-98b4-0d3d39c7d974	22	13	4	4	5	4
eb3fa708-63b8-473c-8528-df84d47d2bb3	18	24	6	22	19	5
a6a83685-249a-4485-9a94-82558d9c91db	18	24	5	23	18	5
07c9e227-507b-4c06-ad37-484c6f09765e	17	23	3	21	16	8
0651f5c5-d5d3-4346-8639-d3e2b04f4176	17	23	3	5	8	19
0212f2c5-41cf-471f-8693-5707e8c83b41	17	22	8	22	17	3
51b1367e-5abf-4c09-96de-4b3ff3f29342	13	22	11	22	21	5
d684c072-0bca-4206-be47-ae9d22ea55fd	18	24	9	9	4	3
6f88953c-5d13-4e7a-9262-7e1c2b3dcc3c	23	18	5	16	22	14
ff85cbec-23fc-47aa-86b7-d5b6af86f376	14	13	4	15	22	4
8eb1e0a7-cf72-4d9d-8c1e-c48b27d01131	16	21	9	20	23	4
c098369a-cc0d-4b8f-8b01-e91c5f69d8cb	17	23	6	16	18	3
1b6d45d0-0f51-4b5d-aefc-cc96b25d27ac	20	24	4	12	21	15
6d2bdf25-daaf-4002-8c7c-70c83d8f2279	18	24	8	7	11	5
96da03cb-039e-423d-b2a9-64264bba5544	18	16	5	21	17	2
0f8f836d-49a9-4ce2-82eb-3497a5aa9f4e	18	23	8	19	14	4
fb27e30f-e64d-49f8-8d33-e8d1ffc96d5b	23	19	5	17	23	20
629afe0b-b3d2-44b2-8f52-21760826ab81	20	18	5	18	23	20
9c89941c-7147-4a99-8e59-21a8b684987f	13	23	6	18	23	16
463594ca-d532-4c06-9ef0-dbbc80ae7cad	17	21	6	15	22	4
7abcce8b-bbfa-4832-aaf6-28b56e0ccedc	17	23	10	13	10	6
619fe94a-6ab0-430e-8f63-539d889e555d	18	20	5	18	22	4
f546d915-2efe-4cca-be79-ee220ce3d8a4	7	13	8	23	21	2
9c56391a-797f-48cb-bd39-dd097590cfc4	20	11	6	15	20	24
b632d08b-0389-43c2-9872-b18da158e1ae	18	23	12	20	16	5
982e7621-ec0d-45f5-a36f-7f285174de92	22	17	3	12	22	6
75392bdc-523f-4f03-a3e4-fbf5cb5b569e	16	21	5	13	19	3
1ad9d8db-4118-4316-8b1d-5259d9294dcf	21	23	5	8	8	22
796d8a8f-e85e-4aa3-b525-29fed1d718f1	18	16	8	15	19	5
d159c9c0-5888-4592-a5d8-a422d3a97ed2	18	24	6	19	8	5
6d5ffae2-6e22-4ce3-96c8-b665f8e8c520	6	11	6	22	17	6
966432e0-bb47-47fd-9ee6-6c719a0508e4	17	19	5	8	13	7
cb612a59-746a-4fbd-bdb0-cf922898d133	23	18	5	17	22	23
c53f89c1-370f-491b-ad83-0c924ba576ee	22	18	6	17	22	21
3c22c6db-8216-4227-aaf7-ea62c40537f9	17	23	9	22	17	4
24a494c6-e80f-452c-a29a-09ed7ebd1247	19	15	5	18	22	3
46478e41-59c7-41ca-9d5c-3b8940f58825	17	23	5	4	9	13
1df40919-397f-41e3-82db-ba0f426ced92	21	16	5	18	22	17
afae9221-6fa6-42a7-83f3-3c0a18d1a6c5	18	24	6	21	24	5
17e69636-4839-4cfc-bb2c-8b18e096ff76	16	21	9	10	7	5
44cc0d71-fece-4441-9c8f-8996b06c4731	8	6	15	22	17	5
aca5f6b8-d61d-4167-a52c-727f0b15ec56	12	20	7	18	17	4
02ed334f-6895-44ef-ad4d-c54779f13797	9	5	6	16	21	23
63d8cfa5-ec2b-4c68-aad6-9b6ba2503052	20	24	6	20	17	3
de352968-9e3e-4eba-b447-667ef610a685	18	24	5	20	21	3
7184f845-4d0a-4b7b-a08c-45bdfc60995b	22	13	2	12	12	12
07d0f11f-f6a6-4786-852a-42710ba58647	14	23	9	9	6	5
817933af-93b2-4fa5-baef-bcbe9e13ebbe	7	8	10	19	14	4
c24189c2-0a18-4dc8-96d8-3ec82d096597	22	13	4	18	23	3
b41593a6-6c24-4d63-a5ce-cfd501640f81	18	24	6	4	11	3
598859f9-481a-4fcd-a050-ca1af223765e	22	13	4	13	18	23
22224dea-07bc-41f9-b12e-dcd7fd734370	20	16	5	16	22	22
aac766bd-608b-434b-8180-a0d40dbc4a5c	21	13	5	17	18	23
b7776442-1cf6-4847-9618-bda0a1db4321	21	24	5	18	24	20
a651622e-1192-4dd2-8e24-d8d058e3ddb7	18	23	8	23	18	2
cd1eb71b-6d32-4326-96cc-83fa258f3ee5	20	23	3	18	24	6
70bdeac9-9a49-40a7-8512-667b5e3b43b3	14	19	9	23	18	5
67f62a48-a0c9-4e38-9ef1-8f2c62066164	21	23	3	17	22	21
3ad2c3b1-7800-47f3-8ee2-9334c264a1ea	18	16	16	17	23	4
87fc45fb-7b6b-424b-94da-eca71bf7a8c0	23	18	4	7	14	22
12770240-e667-4cc8-a89c-49b7909fcf74	18	24	11	12	9	2
511011f9-f193-4af6-b164-984865461a60	17	23	11	12	9	5
4ce4f06d-c716-4114-bb10-c85a31c8427f	18	24	11	21	24	3
133af23b-a7d0-4182-b78d-d83ece0b7581	18	24	11	8	8	4
0675b4d0-76b0-46c4-813a-5d4bda7c7639	18	16	9	8	5	4
5d544123-42a7-400b-a902-062e7b577983	20	22	5	17	23	8
8acc66a2-b8ed-4d05-8d4c-47d423507c1f	18	24	6	7	6	2
392e3eef-3df7-4b51-87e7-7022b4bf29dc	23	18	5	18	24	21
b538723b-8c04-43e3-bb5b-14f357d273cc	17	23	16	22	17	9
eef1170a-7276-470c-a5b9-64e17d33e4b4	22	13	2	14	14	24
4f82cbd0-25dd-43f5-bdc2-bc5f337e0505	16	22	10	7	5	7
2724698c-095e-497a-991a-c9831cdf6e1d	22	13	4	20	18	18
28660a90-b952-47f1-a9d3-f56d8dd8bd70	22	13	5	16	22	21
a9c7ebf8-b595-4184-aa0c-2126121413b5	18	20	11	11	8	3
c0e0dd65-6e17-4b64-93cf-370c142a3aa0	12	21	12	20	18	5
c7d438b6-241e-468e-83e1-f416386309df	22	17	5	23	18	5
b785c586-4b12-4c6c-89eb-34ceba91d3f9	18	24	8	9	6	3
47dd7b44-c8fe-4b67-b1b3-07aae710480c	18	24	8	12	9	2
a29c4eb7-b115-4dac-b23f-dffdcb6f2162	21	18	5	15	20	19
6eefa9d2-5a9e-4f45-a2e0-96f84e728274	18	24	10	9	6	4
ca2f27ee-1ad2-4519-ac65-54f20c705027	22	17	3	18	24	23
5163155f-a0d6-4be3-84c3-30adaae694b6	20	24	2	19	21	10
826507d6-0af5-42e9-bdd1-73d022fa6db5	22	18	4	15	15	16
edb3307d-701c-45dc-98cb-d071092aaae8	18	24	7	13	10	4
ddeec63b-0c7c-4f72-8033-af35e05ac58e	21	12	7	18	24	18
50aae685-1647-484a-9ab1-11ef3ffbf779	17	23	8	23	18	5
5b4c3b81-9829-4b92-bbba-ccb579b10496	20	18	8	19	9	5
c63655a1-77f6-4ed3-804f-3297c5ccc7ca	23	18	5	17	23	20
0d8c8286-2887-48d8-80db-d5275c9992e3	17	22	13	11	8	5
b25f870d-c0ec-49ea-a0ea-73eeec8aaff4	22	13	5	18	24	19
82124a36-e37e-4350-9f82-aad5241c0c65	18	15	5	14	14	24
62fddf6e-2fc1-4f3b-8c4d-5dbd15a9ff83	18	23	9	20	23	4
cbe782d0-e17a-4cdb-942e-49ccc710a4dc	18	24	8	17	14	8
79706446-8d52-4226-bda3-8f3e4439d086	21	23	5	11	11	23
4e729f0c-fa06-4dac-95f4-96c01b44e3e0	18	24	14	6	8	24
b20a57a7-7221-4196-bcbe-6d6f934b5f0b	20	12	11	11	8	4
ebaa741d-2409-41ec-b52b-c4b9f5eccfa5	22	13	5	8	20	7
c0900376-aa5f-4b62-8f44-afae31d8b74c	18	24	7	22	18	3
e85c29dd-4d11-4dc7-b19f-b76a9a124e63	18	24	8	11	8	4
4fa2cc3b-fde7-40e6-a0b0-243910b48f79	18	23	15	5	5	4
f402c0ae-c005-4323-954a-86928699367f	13	15	5	15	12	5
9fb6786b-d896-4588-ab5d-65f391e6b48c	18	14	5	9	9	21
ad489956-0e7d-4668-b2d7-d1af78980e6a	17	22	6	16	13	3
60dac4d7-284c-44fa-8420-2ae1a49c5e3b	19	13	15	13	10	2
f63947b1-34a3-40fc-a1ca-05c71b463767	16	22	8	17	22	9
3a39fc32-664c-4650-b944-31b6a3a75ab0	18	23	11	12	9	5
24284ced-782b-4f51-b6dd-e1975582a442	18	23	3	16	21	24
2a3d76a4-320e-40f5-a567-b16585959f2f	19	22	5	17	22	23
d767c40d-654b-46cf-bc5f-b36fa37bc8a6	18	24	8	14	9	9
5d113f9d-a1da-4fd3-b814-2f52408e2dc6	10	20	11	23	18	3
e931bdc2-2b27-4bea-8f38-a52209ba302f	9	15	4	17	20	5
e7e9fac4-89ba-4f5b-a228-aaaadcea34d1	17	22	10	17	21	7
0a835aee-b866-432f-9385-095bdc75257a	18	24	11	8	8	6
b84525d9-3d9d-4e33-8d99-72d79c20cc24	7	7	13	23	19	8
94268313-ff91-48f4-9256-0e0fc5cf2d85	6	10	8	10	10	5
4a7932e7-1992-41d9-a4eb-7b4dfed6ec2d	5	10	7	8	8	4
bc0d754c-4b1b-448a-908a-277b0c533efb	7	5	5	5	9	24
92410fec-a9ab-4e70-bd7e-f0dcfa3faf0a	18	11	4	12	9	6
6967ae48-6c6f-4d32-9785-2f41b0e3655d	5	10	14	12	9	3
c661903d-cee4-46fb-9558-feccac90eea1	20	16	5	18	22	4
97910990-37c6-4afe-9de0-26e829ea7e17	17	21	12	10	7	6
b55f304c-99c0-4078-8536-dcec0fc13127	11	8	3	5	6	13
470c21c5-670a-4505-87ae-d6a49a3f532f	6	19	7	12	9	4
b1bd86c5-e056-4ae4-935c-308071956f6d	7	17	5	9	8	6
f4375399-6384-4254-86e0-6419ebdfb225	19	23	5	17	22	7
84aa9be5-cfc0-45d7-840b-658cb485d9aa	18	24	8	12	9	12
66347bbb-10ca-4647-89ff-13a99df52321	20	18	7	20	9	5
5717cc5f-69d8-4076-a808-81404358431b	7	19	5	14	15	18
cebfd623-6cbf-4fd6-9f11-92c3a1eba987	22	13	3	20	23	2
0a6ee42d-4422-4171-9374-5b0d3de26631	23	18	6	16	21	3
ab0cf8e2-d9a8-494c-b621-253089aae950	20	23	5	6	6	3
c7652345-d5f8-4483-8ab1-5a3e47026f54	13	11	6	11	11	21
de9b2918-38c1-4031-b671-a9ac0e6a4131	18	24	13	8	6	4
f4c64f81-d7d0-4faf-b728-d32f07ac1e16	8	8	2	16	22	12
70813acb-64b5-4f07-9933-62cf7eedf21f	18	24	9	18	20	3
24aef131-cf1a-496e-833c-23690613cba6	21	23	3	5	21	18
ea1b2dcf-f851-4675-80c7-449cc2167f76	22	17	5	18	24	16
b438a69c-8c14-48f9-bb45-d2862b731837	18	24	10	21	18	5
afd43690-0bdb-4392-932d-8ba8d7146999	21	12	7	17	23	20
6f8979fd-2717-4288-9e17-2a94b6055d81	21	23	3	15	21	21
7886655a-8e57-4c40-b965-6270b5078265	22	17	5	8	5	7
6c1e0879-2869-486d-a857-ee35c1d68f22	18	9	8	17	22	11
ec7f7728-e237-48f0-ac6e-9be22ca7b29b	20	22	5	16	23	21
783f7519-972f-47ac-9649-4cb3e7b782fe	18	24	9	13	10	4
9d5cf40d-8978-4423-883f-ba56f759fd7c	18	24	5	12	9	5
afde3556-2f08-441f-bfca-b060e8082e88	18	23	7	23	18	7
1f9540ab-9e16-4847-bd78-27a0c20743fa	16	22	6	22	18	5
c8390994-38d9-4d35-9a42-6a348e28b5dd	16	21	11	8	14	4
8acf3edb-29dc-4605-afe6-ceff183f3050	18	24	6	11	8	3
afba223f-0e49-4ef0-bda5-f36b51fb878c	20	18	11	21	22	5
727f80eb-5f6a-4d65-9946-1c2359f74567	18	24	8	14	21	3
52dd9f14-7524-4aa8-bec9-999e9c22a42a	18	24	5	18	24	22
73b8ecaf-ea7e-4148-ac6f-184fe5c54d36	19	23	5	17	21	24
2d1b5fc0-fd1b-4f74-9bf8-c1b6de4b0e99	17	23	5	12	9	2
ff239a2e-20ad-4132-b6a7-25e325c23819	20	19	5	16	22	14
a4ae8caf-d340-48ca-85bc-0bc8ae00d161	22	13	5	17	20	20
0ea347f7-fa59-4e80-a972-67579b27797b	21	11	5	11	14	7
a2c33c3b-424b-4e8e-9cc3-3ee63a12cbd6	22	13	5	19	23	21
6c915a25-77e5-46a9-96c4-bf4f6e625854	10	9	4	17	23	17
2debd306-15fd-4269-a6fe-6d854f872c8b	23	18	5	18	24	16
6594c376-28c8-4bb7-bff0-2a8241960dbc	9	20	6	23	18	5
d3b59848-cf22-47ad-ac46-795b6e0cce1d	19	15	5	17	22	24
36cd07a8-2d19-4363-a6fa-4621c0b0b77d	18	24	6	16	19	19
d16a75a7-a393-457f-be6e-e9a32fd513ac	17	22	7	8	5	3
8b05155d-4e3a-477b-bb60-370ff84be4e1	11	18	5	19	20	6
f66f8d3b-e122-4d2f-9a2f-690194cb1b2f	13	13	5	5	5	5
e3f8d678-45ba-4329-93c0-a70882b10312	20	23	10	11	8	8
b0bb8919-9a00-4450-942c-5559a4ab2536	23	18	5	8	8	5
ce77c828-b555-4940-996b-6bafb81e949f	18	24	6	11	8	4
9c03ac59-0d55-4fd3-accc-6d1b08679672	14	22	14	14	11	3
d6d99a92-0ea0-4ec2-a178-facb25f42701	18	24	10	15	12	3
a9443692-b126-4527-b0a7-8d10decb4328	18	24	8	11	8	4
929ddd88-3058-40b5-9d15-8d6476699e07	17	21	8	6	6	3
f171579c-8804-45e1-a37d-4c719a9af5b5	6	13	6	10	7	4
ed96691a-4c02-4d4e-96aa-42caf5b82087	17	24	9	13	10	18
b3e3f1f2-f037-4412-9d83-224ffe3c5cdf	23	18	5	18	24	17
87721cc1-f391-4d7e-9a82-0abe3a6ba361	16	21	14	9	6	7
f22c0dae-96e1-4500-85a5-c7fee9300a3b	18	24	5	9	6	3
b2af8e9d-906c-43e5-980b-0b18242a24be	18	24	4	8	5	6
dfcfbbe3-5090-4e5d-b69d-737f54f45503	16	24	7	16	13	4
85799955-3181-49ea-b39c-84755c50c0d6	19	24	4	10	10	24
26b98737-ca26-4dd4-a07d-c5dad5873ff6	18	24	8	12	9	2
140fc6db-3b2a-4fdb-ba01-636a4301666a	11	23	7	12	9	3
9b18179b-3c73-4e2d-afc9-a9a4467861bc	18	24	8	15	12	3
5b06923a-ca7a-4986-92ad-b56af2900785	18	24	9	23	18	3
9ddac2f2-319d-4da6-9f14-0df5e77f5342	18	20	12	8	5	5
1d4baff1-f3d7-433b-a5ea-efb264b935c6	17	23	16	9	6	11
a4dc5dcf-247f-44fd-baac-30e448d95557	18	24	6	13	10	9
c99dbe7d-a537-4d2f-86c9-cf5150cc9923	18	24	8	8	9	3
5074d7c1-010b-4ac7-94db-ff72a9cff02a	18	24	6	10	7	8
b79b867b-b44d-4219-99f0-1c39a029aeb8	18	19	19	12	10	6
c4c7e7d2-3f7e-42c8-9098-7d4e10e72247	10	20	10	9	6	4
7c7e4d03-3d9d-419c-b5aa-a89c63066ae8	7	13	5	13	10	4
c9360bc9-e888-48e3-a610-2d6c2b418f31	17	23	9	5	7	4
7be591c0-bbb6-4ec9-abbc-a036c9f2e6d0	18	23	6	12	9	5
7d4259e9-c7d9-4d41-983b-7191b9004031	20	24	5	9	9	5
35e7c049-3027-487f-a084-c62ec8dbd8a6	18	24	9	12	9	3
86be0439-04a1-4826-b72d-bde5397e4212	21	24	5	5	5	17
8ecb028e-7598-484e-b120-f39d526b8a8d	18	24	10	17	15	4
eceffae1-2cd0-463b-b15c-1be8c7f5238c	20	18	11	8	5	3
e5b00c02-d85f-4278-95d5-645fae43784d	14	22	8	8	8	2
3036f6a6-01c7-4aff-bc27-6e77b584dda0	11	19	13	8	7	4
f7f9690c-1a87-48a3-8ace-26080477302a	18	7	5	15	15	5
4aea495b-6ba9-4442-af6b-fab163c5c020	23	18	6	11	11	24
11b2ad02-53a4-4774-bd9a-801fc24e830d	18	24	6	18	20	5
48ea6643-7e9e-4891-a2af-1907908591ed	18	23	5	9	6	4
09fdfe58-4629-4d45-aa29-b914eda0872a	16	14	4	3	6	6
4604c192-6f90-4c29-8c92-6aa81247d5fc	17	23	10	9	6	4
ebc55e75-bec7-4898-8773-88d3b3cb7392	20	18	8	10	7	4
3343849e-90de-4823-aceb-0c4c1ff7b1a1	14	23	7	11	8	3
2feb0188-dd6e-4000-be92-b70a938a475a	18	23	10	22	17	5
74ab67b5-4475-4b83-ae5f-4e5b93e80d50	22	18	5	13	13	24
8e34d2f1-5aa4-47c3-bdfa-4dc89cbeba8f	18	24	8	13	10	4
f01d70e4-55fd-4691-91f4-299d3ee7d093	18	24	3	14	11	4
54f86967-b7a3-409d-993d-fac416dc62fe	20	18	13	16	13	3
f1e30d5c-d216-44a9-a8fe-429371192c93	18	24	6	5	6	7
760fe32c-5c69-4c5f-9e48-dfbd493753ca	18	24	8	12	9	4
9e11d238-a898-43cf-9504-3541d01d9cc3	15	17	5	12	12	19
2ada73fd-727f-4875-87ad-941a5f24a6df	8	22	5	11	8	5
9f9e4cb5-e168-4a0c-a2d4-8e3b4a390f4e	18	23	11	16	13	2
74dc2b37-535e-447a-bfd1-24feff23a69c	19	23	5	8	8	24
525949ff-e205-407b-8d0b-adb8be1a90e4	17	20	16	15	10	5
83e7f7ee-23c0-49b3-8124-f0b1a829d8c4	18	23	12	17	21	7
34d4da5d-0bb5-46f8-a593-3172c176add1	18	24	5	12	9	6
982f066a-b2a7-4c3f-9971-4ca5dbc6d62f	18	24	8	12	9	5
fcdc687d-8735-41eb-96b5-52436d27bc95	14	19	10	12	9	4
2897c526-4907-4db8-8e21-ea9c74c61f9d	18	24	8	7	6	12
f9ce43ff-a009-4d9e-bf0a-22bcf4c61561	22	13	5	6	8	0
251b8c7c-e0cb-4f55-aeb8-c0fc87c14da1	9	6	5	8	8	12
7d727879-965e-4a01-8849-cbbdca39f199	16	21	15	4	7	5
d0979ecf-1a3f-47e3-81b4-859506b64ded	18	23	15	14	11	14
5a2df96f-01e6-46ec-b704-08231b06cd45	9	15	15	11	8	9
2d915b7d-9bb1-4299-b36c-b48cb4d7b09b	18	24	8	17	14	8
f9bb1850-ecd9-429a-9631-38e2da75474f	22	13	5	13	13	24
daa1ee9a-edfb-49b8-a953-2fa0039500e4	22	17	4	7	7	21
a6125557-95da-4e1e-99b0-d37a3b5c650c	13	10	4	11	11	22
2a6c08ce-3c7a-465d-943d-89a49ec14efb	13	9	6	8	5	13
c60cf7c3-ebc0-48f2-b10b-1c4ff0e2623f	21	18	5	7	7	9
b2b92b55-36e0-4de8-9a4a-62f0bb9ef44e	18	24	9	12	9	10
8a74145a-e25d-456d-b7d8-d0219b32ba6d	18	23	6	6	4	5
481acb50-6e2b-45d5-92b6-9a3cb85bc8c5	16	21	12	11	8	5
362f0e05-23ae-4971-8337-08ecdf163b3c	17	23	6	17	15	5
6db1da36-3dcd-4e74-88cc-231d44d80fd6	18	24	5	11	8	5
f2f16209-7caf-4c23-944f-1690e98a415a	18	24	5	8	6	3
58da3056-0b44-4b2d-97cd-1b33f70e3940	6	10	6	20	23	3
a5eb2939-4d1d-4b44-878d-83f70f0a81cf	18	20	5	5	4	3
e8f0244a-9b4d-4317-a215-0867186288a6	18	24	7	7	7	10
976c5d73-559c-45ac-bab1-a962c248ad3c	22	17	5	14	15	15
5d4165b4-8987-4d18-bdc0-f5c2668a18d3	15	20	15	8	5	3
eb23ae5a-7ce0-4406-b007-fedc1b331597	22	13	3	18	24	20
d8a7fc78-f022-48be-8d83-729aeecb7229	23	18	5	14	15	16
723726ac-7f98-4ed1-954b-53f477c17d3a	18	24	9	23	18	4
5c8cd59d-b3bf-4e43-ba33-d384ef899bab	22	19	6	14	14	24
c4732857-ec7c-4626-9b87-e1a620617902	18	22	9	12	9	10
8b2691f1-de17-4506-856b-ac7bf19d02be	22	17	2	7	7	19
a584091d-f89d-4fc9-aec7-6f82da9f2f77	19	14	6	5	5	8
e763f750-9f8d-4aa9-a96a-2d728cbd407e	20	16	6	10	7	24
b3c41a8e-99fc-4f86-b0f2-59c429a30df4	16	21	13	7	6	4
b9527452-dbeb-4876-bd33-b2208a1e0cb3	8	10	4	9	9	3
35113af7-7484-48d7-a091-d1d68d4011a8	6	11	15	9	8	5
c2d4e343-4cd9-43d0-ae17-b41e4acffa72	22	17	5	12	12	24
81a16586-6e8e-4c56-956b-d5aa7a8c40fa	21	9	5	7	11	5
e8845efb-0319-40cf-8a49-bcb35ec54165	17	22	18	6	10	17
e7b27da1-6073-4d80-a37c-df0737448410	17	22	8	19	15	3
e3bbfa6d-31b7-44be-aa44-0e606af7e1bd	22	17	6	17	22	22
42807329-4d16-4060-8196-c1c076b9cc1e	18	24	10	12	9	3
73c448e1-1fc6-4d33-a105-4868bda7c135	20	18	3	14	14	24
7dc0f178-7863-4726-92a6-b8435c080479	21	23	4	8	8	4
1286b81d-2aae-4c53-ab3c-a6c5f1d19ec1	20	24	5	4	5	11
a3d32e18-55fe-4b65-987d-a876ad41cf15	18	24	7	12	9	3
6a30fe39-299d-42e8-b169-6ef88ec5fac5	18	24	11	8	5	4
7605ef62-d4da-403d-9918-dbd3d060c6a4	18	24	8	8	5	4
cf53e5c0-3509-4e92-81c5-25f6234dde54	19	21	5	6	6	24
ae7ca2e8-c188-433a-a872-530c1629ba26	16	18	6	13	10	7
66a1d2ce-f4f3-4116-b2be-dcaaf7dab728	4	4	5	8	8	12
17231f71-7f51-4f19-b1cb-6a5f8bd74236	19	23	5	8	6	4
7bd33325-2140-419b-ad54-f312699af12b	18	24	13	9	6	4
4d379c6f-f18e-4ed7-a1ac-2be21881a96d	18	24	10	13	10	3
435f4661-f2e7-4595-8414-9c8e008d1e1a	23	18	6	14	14	23
e5e11219-3da7-49d8-9dd2-f62b6be9171e	20	22	4	11	11	22
8b9fc103-f39e-480a-bba1-dc4c5240338f	17	23	8	9	6	3
9f31f8a3-2ffe-4408-a59a-61dcfb0201b5	18	24	8	8	8	3
ae7af071-c72c-4ec0-9f6a-c756766bc511	18	24	8	12	9	8
d029fad0-6e23-4c5c-986f-4de52a1e1623	17	17	5	5	5	24
cd9c8618-ffb4-4b84-b681-123f24e84497	18	23	12	13	10	2
7fcb7b0a-6bd2-4a96-9d11-b2b4daf6a43c	18	24	12	17	22	20
f55dc274-8832-4970-9813-10ddebcbb2f4	18	16	5	12	12	19
3299433d-bf94-4db1-982d-0d5281da2dd8	18	22	9	13	10	2
bd37581a-8e73-4531-9228-39802bb5d743	18	24	4	8	5	3
cc8a480f-3f3b-4de9-83d0-a242b379c9e5	22	13	5	12	12	20
bd25f9fe-114a-4bd1-a124-f46fc4a1c283	18	24	8	12	9	5
1ef7c628-0894-47ef-9232-8cded52a21b8	16	15	5	8	8	24
ad4232a7-9d54-4aa7-a06d-00464b9b2462	16	21	10	9	6	4
8b2d7de5-c1e3-481e-8467-2afeff3de6c8	17	23	8	9	9	3
a41a12f1-2080-4950-ae4b-058ad02326a2	18	24	9	11	8	2
9de99365-4447-4a93-887e-724eaa8a0ee1	20	16	6	11	11	24
0b8334b5-0c01-4925-b3c4-85c7dd6afcad	23	18	3	13	13	14
0b5732ca-1bf6-42d8-8e09-ea2f4992d1cb	18	23	5	5	10	12
a5b97f0e-9e2c-4e8a-8846-0336defa4aa5	17	22	9	12	9	3
2366a1b5-bc10-40f4-acf7-07ef33adc8f4	17	22	6	11	8	2
87bfd9d2-6092-4841-a01a-6996350fda7c	16	21	13	11	8	4
d904adf3-b789-49fc-b564-b76629569183	22	13	5	11	11	19
9ecb6192-cc2c-4fa0-957a-c637b92841f1	18	16	5	14	15	24
957548cd-c0b5-4b67-8144-0f752fcf96a4	23	18	5	8	8	16
1457e137-5c03-4a88-978b-071c77bc4751	18	18	15	8	8	4
36a5bbbb-153b-47de-9901-65f1a405ccfd	18	24	6	12	9	3
df06abda-28c3-4f12-ab3f-45368f488cfe	13	21	8	11	8	3
c49f089b-b5ee-4a9a-8c01-2f6aaacb766d	15	16	12	12	9	4
85fc393a-aa33-4aca-9656-7a4a300e8259	9	20	11	8	5	3
a54394cc-8429-4ae1-a9e8-5b42a659fe66	18	24	4	12	9	4
7d6366a6-fb8d-4da6-a23d-c93ffec81d6a	19	22	5	11	11	24
55b3f33d-a40a-4603-b565-f49d12312562	22	13	5	13	14	9
af115641-1838-463f-bb71-9f60ffdc38f4	20	18	14	6	9	8
5acc167e-e9c1-43f8-ad53-1173e0c8a899	18	23	9	13	10	5
dfb5dddc-34f3-4553-aade-f23a69d1c618	21	24	5	14	14	23
de497304-3d19-42b5-86a8-4e83398c611c	18	22	5	17	15	5
41f0564c-229c-474b-b62d-18b061916a13	12	24	5	13	10	4
af6ed219-4802-433c-a8ea-ba9f6abba93a	21	12	9	11	11	21
98b6c2d8-bc08-45af-926c-c9e3c53c5935	21	13	3	10	10	22
79a8fecd-0f3d-4d0f-a438-f74b46819fdd	14	23	8	12	8	5
7463c5f0-1218-4def-a14b-478e54127176	18	24	10	11	8	7
f7b447ab-2abe-4aac-9f60-8d8a6a20473f	19	24	5	15	20	24
e7592c0e-7e1c-4a84-91fe-416754e736b7	20	23	5	13	13	14
63c98751-02d6-457e-b70f-d83437c378be	20	23	4	8	7	4
d12e63bc-881e-410b-a0d1-ac2aaf3301df	18	24	8	12	9	2
625fe208-c28f-42c2-b800-6f611634d8c8	22	17	6	18	24	12
f28a62ce-ebc3-4ee9-9d4e-270885589d18	21	15	5	14	14	24
e27adc04-7587-4a4f-978c-33c2bbaa73dd	19	15	8	18	24	21
3ddcf5f0-1de6-481a-bf67-d2fb3f6ac602	18	23	13	6	9	6
e7b31c21-8993-4e58-952e-4503c69d04fe	23	18	4	9	9	21
a4628a71-42d6-41a5-b1e2-70fb808e32b1	13	10	5	9	9	5
f28154a1-53da-4cd5-99bc-a08639da749a	18	23	9	9	6	3
57ac3624-3f81-4e89-b458-5804d7ad5ad0	23	18	5	14	14	16
f363e9b4-60ac-406f-aa92-e39b799b807d	18	23	9	5	6	3
d564e98a-bcd5-4785-bb28-179c081f1dfb	20	16	5	11	11	22
475d7595-40f5-4b65-96f6-3a45583246de	18	24	9	12	9	4
71f9c495-62b1-4aae-8cfe-578eb8a1a1d4	18	23	9	17	22	9
fa92a40b-9cf1-4a98-ae63-522f06b471b1	18	23	8	13	10	4
453bbf18-2445-4eaa-9405-ba7560c91cfd	17	23	11	5	7	2
956f08f3-2093-44a9-88aa-a4936c0ed3fa	18	13	5	12	12	20
5a31b89e-21c4-42d1-98b9-1f6b3b9b5a84	18	22	8	13	10	5
be1e8f51-1971-4b48-b404-93ef0bfb7c42	18	24	6	11	8	8
b3608e6e-cb58-4c32-baa5-949b37c1f8cb	22	18	5	14	14	17
337c7014-def8-4d1a-94ab-faf35d9e508e	18	23	6	12	9	2
00c566ac-c9ca-4303-8a85-333b04d50df2	20	23	5	16	20	20
de9bf70d-ff29-4d38-a0d3-7c717debaf78	17	22	11	5	11	6
a105aacd-7161-45f9-9463-43413988ec51	18	24	10	11	8	2
3642f9a6-b5d8-45d4-8127-b85a6a4df37c	23	18	4	9	9	24
2211aa39-9ce2-45bd-9a8f-441322fd6c61	14	23	6	8	5	3
0063cd63-ec3e-45d8-98b0-39be827f2eec	18	24	11	13	10	6
e1c8c8cb-8c9e-414e-a0f9-f6c88300ab00	18	24	7	11	8	4
6f284cbb-18d5-4bf7-b289-bc5b6a1215ff	16	19	15	13	10	2
a65c8d49-7134-476a-8f74-1f4614a24e4c	18	24	6	9	6	3
c81dd35a-5a16-499e-9f33-78da76815919	7	11	8	11	8	7
56d68c7c-7c0a-4be9-81f7-16e73a24b0e9	18	23	16	14	11	21
dbd52b19-8591-4810-ba7b-35064960d29c	18	22	7	12	9	4
afd88bb4-a01f-486e-846b-81dfc407f5ef	18	23	6	13	10	3
af033364-392b-43dd-89c0-276237008288	17	11	2	6	7	24
123f47e4-336b-46c4-95e3-cd2cc0ef4ed0	18	24	8	11	8	4
7f28a225-011e-45c4-b8fb-ba9d77b8cb53	16	22	7	8	5	4
7b9e40d3-ce92-46dd-9b4f-de08c52f4ccd	18	21	7	8	7	3
0dd087b3-97aa-4ede-adc6-7ad237dfbebe	5	9	12	10	7	2
1bb40184-87ca-432f-9a3d-6397f5df32e3	12	12	3	9	9	14
9f3042dc-1ed3-48cf-9499-c5586e381098	18	21	5	11	8	3
fc7eaf95-1ec2-4348-bacb-041fc8d83444	17	22	4	11	8	4
cc248941-d0ad-4b57-a902-048a84855901	5	10	9	9	7	2
026e7986-bae2-4f07-965a-ece80ddc979e	18	12	4	12	12	11
82efb64d-cf28-4d34-967a-653edd848cb4	23	18	5	8	8	15
c040162a-d78e-44f8-848b-d523c2525323	18	23	7	9	8	4
35f8d599-07fd-4c38-ab03-94d9ff0e9e9d	16	21	4	5	6	21
3f29fa09-79b3-4c3c-8bb7-92dece3cf897	18	23	6	12	9	8
b50837a3-5479-4166-a2b5-6a4f179cb03d	9	7	4	11	8	5
31316957-a5da-474e-9bf0-d8516dce8131	9	15	7	10	7	3
52ef4ca5-b20c-498e-a2be-70b1ed033338	6	6	9	8	5	9
6ff81b66-3e6c-4f03-9252-12b6ad1eda27	22	17	5	14	15	24
c6f2ed69-25bd-479f-af0c-bc491c4313d7	18	24	7	14	11	11
dcb1639e-b4be-4ac4-9978-5ebc028b7e88	18	24	9	12	9	5
3756592d-0081-4742-9f82-e22fb210680c	18	23	10	13	10	5
4220047b-1aad-4d92-a649-aa7a225ac56d	14	19	11	13	10	2
92611478-dd0d-48b5-b606-8359345f5b82	17	23	11	7	5	7
ab0d561b-1eaa-4355-8b7d-eaeb22373988	22	14	5	14	11	4
1e16b93e-bbdd-4a27-a093-9861ebe8a476	18	20	5	6	5	9
39c0b247-10a0-4a37-8cd9-6673ffdca54c	18	24	4	12	9	4
2e69f339-fc50-4df2-a023-0880cba1e5a0	18	24	8	9	6	7
4e26b84d-814d-4a94-812a-ad9beb39368d	17	11	13	11	8	2
57609bfe-02ce-49bf-98f8-abfe89db4060	21	24	5	3	4	6
9433b4a0-cca9-4ae4-a0d4-2c09bb5fab0f	18	24	9	11	8	5
d4ec4369-4811-498b-b774-6c4074d927c1	18	23	10	9	6	9
169dc282-bae9-42b0-9dab-250a549d77d3	18	23	4	8	5	5
73030dac-abf8-4085-ae48-4aff674bb55d	18	23	5	12	9	11
e7f75381-6808-496e-afca-32fb7e892ae1	5	6	5	21	24	5
14b93e17-47e2-47c1-a558-f152652462a3	23	16	5	8	10	5
357ae634-fb71-4a71-b2dd-676ef2c496c6	21	24	3	14	15	24
afff32c4-ed3f-42ca-8e0b-bb7861563a43	20	24	5	12	9	7
2611bf70-ce7b-45c9-aa6e-a9b040763fe6	19	17	14	10	7	3
c0aa4c0e-94a8-4fbd-a1ed-613bdcf7ef9a	16	14	4	14	11	4
2db3036b-0748-46d9-aa0b-d36a52b67d96	13	24	5	9	6	7
a1ff83e9-a9bd-4d24-bf44-459bb1a942fc	21	24	5	19	19	4
287ca425-71f7-45e5-826c-9f427b26ac8c	18	24	7	12	11	6
9aa9474f-ed42-4f10-9e76-7c2a9bb61b9f	22	17	5	5	5	24
4923b8be-267a-4ed6-8439-a7b6d9d8ee0f	22	18	7	12	9	2
6c451bf7-d3c9-4a49-9f25-c8e267895c1a	15	23	7	13	10	5
54481ced-b96b-45ea-9e48-5752319bdb4d	17	22	9	11	8	5
e9feb552-2cf4-4324-a0db-739bb74ba802	23	18	5	14	15	24
df5284f1-7974-401a-9d1b-f8fd4df9d720	18	23	4	11	8	4
dd26732b-fa8f-4ae2-9a78-d682f19f81b0	18	24	4	8	10	3
7713983f-1977-495c-8896-a50ed93dd84f	18	24	8	16	13	6
a15b8a11-961c-44e0-a3b9-a43158829e49	19	15	3	17	22	22
6e72131f-e2eb-4820-8b0d-00ebfdc68968	22	13	5	17	20	23
b13749c9-0485-48cd-8a48-aa4666972c4f	21	18	5	12	9	2
dd3a383a-43ad-4756-a603-08e78575bd14	22	13	5	17	22	12
1d85f688-e9a2-4151-880c-fa106b35a66f	12	11	4	5	4	4
d149c553-ebd0-4d8e-b7bd-96975652c25b	18	24	7	17	15	5
6e73b0e3-2ebf-4810-8ea1-30e9d530d58a	21	16	5	11	11	24
e15e5a65-dd8b-4627-938d-4ddd4ddd895d	21	23	5	14	14	24
a472a274-82bc-4ae5-9148-20afa750fa7b	17	23	9	11	11	13
7c9e9bca-d836-4fa4-8ca4-fc52c5d15a39	6	20	10	7	6	3
14224e9d-2afa-4a3a-acf3-2f3452210fab	23	18	5	12	12	24
c42ce600-94da-404b-8331-1c1c991e35c7	17	23	9	11	5	5
180d7b2c-153a-45c3-a567-c1d28da2d57f	18	24	6	7	6	24
5166c7c5-c6c5-41d7-9ef8-6766b9651ab4	18	24	9	11	8	7
8bd99fea-e2db-4ff2-9ba3-96f78b7e9b74	16	21	5	12	9	3
211dd357-3715-4d3c-ab50-67d52a5049c8	22	13	5	17	14	3
9ae8da75-9b12-4f3a-a883-ef4bd615f1d1	16	21	10	13	10	3
e3a0fd0c-b929-4d94-88ff-6d9f45c15e13	16	21	13	14	11	2
abaac121-066f-4464-8d47-c36ecd1ccc7b	15	14	5	6	7	15
67117c50-6ac4-4ed5-8cdd-929657fe647d	17	23	5	9	9	24
86c24c29-5889-4b35-9587-62628a10bc6d	15	19	7	11	8	5
ed893fdc-338c-4177-b03d-4460873e2837	14	19	7	10	8	3
2486620e-c3f8-43f9-902d-36920b09baff	18	24	7	10	7	9
da811aeb-c1fb-4107-8ac5-ada8f146541a	18	23	14	9	6	3
c04e0126-c7b6-4ebf-973d-b49fd36151e4	18	24	8	12	9	7
fbe8d390-2470-4a38-8aaf-b4ab41016a39	18	24	6	6	6	3
c9e9f0a9-b71c-4819-a89a-1745ec39b0e6	16	21	11	12	9	7
ad47f581-b3b9-407f-b5c8-2f7b65ad6233	18	23	10	12	9	4
1197ffcf-6958-449b-8a07-5ae49e98c61b	18	24	7	13	12	2
07c1f8f8-8ad1-4841-a297-0d04455a4e08	18	23	9	12	9	5
c0193416-9a73-4a32-a0f6-6cd9480c8ef3	18	12	6	19	24	7
e49a10f3-7953-4c6c-acc5-cdfe1d663ddf	22	17	4	18	24	4
cdda9e7b-b953-4e09-8381-21cbf7f27f76	23	18	5	6	6	19
3bcbfc78-2745-4566-a63c-cbf690721330	18	24	10	19	20	6
66957d8a-c79e-4183-9d67-b09674d43e34	18	24	7	11	8	3
ccf91bc5-161e-4498-bcac-d0705bbb9678	17	21	12	9	6	24
501711df-efd7-461e-bb73-8e2933920987	18	24	5	15	12	10
75d565b1-1e35-4490-92a0-e16e5905334b	20	24	9	10	9	3
09db51a9-a6d2-47c5-83e4-e85c2f064a57	16	11	5	6	4	20
fc05015f-7645-463d-830c-d04cb0d9bd9b	16	22	6	23	18	5
